=== Run information ===

Scheme:weka.clusterers.EM -I 100 -N -1 -M 1.0E-6 -S 100
Relation:     breastcancerdiagnostic
Instances:    569
Attributes:   31
              radiusMean
              textureMean
              perimeterMean
              areaMean
              smoothnessMean
              compactnessMean
              concavityMean
              concavePointsMean
              symmetryMean
              fractalDimensionMean
              radiusSE
              textureSE
              perimeterSE
              areaSE
              smoothnessSE
              compactnessSE
              concavitySE
              concavePointsSE
              symmetrySE
              fractalDimensionSE
              radiusWorst
              textureWorst
              perimeterWorst
              areaWorst
              smoothnessWorst
              compactnessWorst
              concavityWorst
              concavePointsWorst
              symmetryWorst
              fractalDimensionWorst
Ignored:
              class
Test mode:Classes to clusters evaluation on training data 
=== Model and evaluation on training set ===


EM
==

Number of clusters selected by cross validation: 14


                          Cluster
Attribute                       0         1         2         3         4         5         6         7         8         9        10        11        12        13
                           (0.04)    (0.03)    (0.05)    (0.06)    (0.02)     (0.1)    (0.06)    (0.09)    (0.07)    (0.09)    (0.12)    (0.11)    (0.13)    (0.03)
====================================================================================================================================================================
radiusMean
  mean                     19.7391   12.3975   14.0261   16.8586     9.919   14.1807   15.0854     9.663   11.5744   13.8731   11.8527   19.2992   11.9704   23.7726
  std. dev.                 2.1881    2.4806    0.7321    0.9912    1.3526    0.9703    1.4201    0.8293     1.401    0.5418    0.7301    1.0525      0.62    2.2941

textureMean
  mean                     22.2869   18.1817   20.8835   20.9204   18.1812    17.815   21.3703   17.7495   18.0842   19.1011   18.2549   21.7043    17.663   22.5228
  std. dev.                 4.1652     3.329    3.2329    4.5008    3.5043    3.8251    4.1346    3.7347     5.127    4.2313    3.5643    3.6057    3.9465    3.5207

perimeterMean
  mean                    133.8839   81.4375   92.0707   109.449   65.3288   91.9936  100.9998   61.4767   73.1833   88.8037   76.6644  126.9621   76.5488   158.254
  std. dev.                15.1795   16.3251    4.7964    6.3369    9.8324    6.2792    9.7644    5.4909    9.1056    3.5383    4.7857     6.989    4.0642   17.0534

areaMean
  mean                   1211.7845  494.0318  606.2366  885.2237  299.5601  621.5251  709.0896  286.5511  419.1286  595.4729  431.6797 1164.0383  441.8602 1786.8573
  std. dev.               249.4882  194.3295   62.1006  100.4414   83.5446    85.845  131.3812    48.238   98.5612   46.9176   53.7384  119.3263   46.3293  348.6057

smoothnessMean
  mean                      0.1133    0.0948    0.1058    0.0917    0.1122    0.0941    0.1135    0.0983    0.0794     0.084    0.0997    0.0989     0.091    0.1019
  std. dev.                 0.0123    0.0124    0.0085    0.0096    0.0244    0.0093    0.0102    0.0122    0.0085    0.0081    0.0146    0.0086    0.0092    0.0088

compactnessMean
  mean                      0.2304    0.1341    0.1341    0.0971    0.1783    0.0982    0.1851     0.069    0.0388    0.0618    0.0982    0.1314    0.0653    0.1628
  std. dev.                 0.0509    0.0345    0.0223    0.0258    0.0566     0.022     0.031    0.0161    0.0072    0.0112    0.0223     0.027    0.0148    0.0511

concavityMean
  mean                      0.2736    0.1568     0.116    0.0908    0.1452    0.0675    0.1966    0.0244    0.0053    0.0282    0.0595    0.1578     0.031    0.2295
  std. dev.                 0.0768    0.0946    0.0165    0.0321    0.0477    0.0195    0.0414    0.0165    0.0055    0.0113    0.0229    0.0408    0.0108      0.08

concavePointsMean
  mean                      0.1374    0.0499     0.064     0.059    0.0501    0.0407    0.0909    0.0145    0.0063    0.0229    0.0329    0.0936    0.0204    0.1348
  std. dev.                 0.0287    0.0196    0.0118    0.0171    0.0275    0.0111    0.0153    0.0079    0.0055    0.0076    0.0125    0.0187    0.0067    0.0365

symmetryMean
  mean                      0.2298    0.1854    0.1962     0.176    0.2256    0.1699    0.2094    0.1826    0.1597    0.1624    0.1804    0.1857    0.1717    0.1801
  std. dev.                 0.0349    0.0349     0.016    0.0198    0.0225    0.0168    0.0188    0.0299    0.0189    0.0151     0.026     0.019    0.0176    0.0131

fractalDimensionMean
  mean                      0.0707    0.0718    0.0664    0.0563    0.0836     0.061    0.0702    0.0668    0.0589    0.0568    0.0657    0.0585    0.0603    0.0584
  std. dev.                 0.0059    0.0105    0.0045    0.0034    0.0092     0.004     0.005    0.0044    0.0037    0.0021    0.0046    0.0038    0.0026    0.0048

radiusSE
  mean                      0.9418    0.5272    0.3738    0.4516    0.3015    0.2754    0.4096    0.2954    0.2716    0.2625    0.3313    0.6843    0.2264    1.2245
  std. dev.                 0.2666     0.317     0.128    0.1148    0.1095    0.0858    0.1342    0.1241    0.0997    0.0683    0.1225    0.1682    0.0567    0.5897

textureSE
  mean                      1.5418    1.5417    1.2418    1.0643    1.4016    0.8552    1.1264    1.5309    1.3627      1.04    1.4002    1.2489    1.0698      1.13
  std. dev.                 0.8099    0.6159    0.4436    0.3401    0.3381    0.3785    0.3366    0.5973    0.9436    0.3832    0.5031    0.4608    0.4103    0.2862

perimeterSE
  mean                      7.2277     3.865    2.7166    3.0672    2.2509    1.9857    3.0448    2.0267    1.7793    1.7864    2.3868    4.6877    1.5526    8.7503
  std. dev.                 2.2034    1.7214     0.942    0.7786    0.8442    0.5825       0.8    0.8077     0.654    0.4165    0.8159    1.2409    0.3939    4.6001

areaSE
  mean                    119.6054   40.5846   32.3657   47.5179   17.8515   23.9751   39.8594   17.8718   19.4501   22.5548   23.9436   83.5144   16.7343  198.2787
  std. dev.                39.2626   27.7463   11.9638   13.0686    5.7122    8.0367   14.4658     7.503    7.4924    6.1046     9.245   21.1291    4.0657  131.0452

smoothnessSE
  mean                      0.0079     0.011    0.0074    0.0057    0.0104    0.0052    0.0071    0.0106    0.0063     0.005    0.0081    0.0065    0.0063    0.0065
  std. dev.                  0.004    0.0063    0.0023    0.0017    0.0048    0.0013    0.0017    0.0033    0.0022    0.0012    0.0025    0.0019    0.0015    0.0024

compactnessSE
  mean                      0.0574    0.0693    0.0306    0.0214     0.053      0.02    0.0434    0.0181    0.0072    0.0131    0.0287    0.0277    0.0144    0.0307
  std. dev.                 0.0202    0.0241    0.0087    0.0105    0.0125    0.0073    0.0204    0.0083    0.0025    0.0043    0.0115    0.0097    0.0052    0.0134

concavitySE
  mean                      0.0701    0.1188    0.0356    0.0272    0.0649    0.0258    0.0528     0.018    0.0039    0.0136    0.0348    0.0386    0.0164    0.0419
  std. dev.                 0.0277    0.0901    0.0097    0.0112    0.0224    0.0101      0.02    0.0131    0.0039    0.0062    0.0168     0.011     0.006    0.0171

concavePointsSE
  mean                      0.0217    0.0262    0.0139    0.0118    0.0158    0.0103     0.015    0.0085    0.0039    0.0078    0.0133    0.0153    0.0075    0.0161
  std. dev.                 0.0062    0.0095    0.0034    0.0033    0.0049    0.0026    0.0039    0.0042    0.0029    0.0021    0.0036    0.0047    0.0019    0.0046

symmetrySE
  mean                      0.0294    0.0271    0.0206    0.0179    0.0301    0.0161    0.0213    0.0259    0.0218    0.0156    0.0219    0.0192    0.0189     0.018
  std. dev.                 0.0146    0.0119    0.0062    0.0073    0.0147     0.004    0.0098    0.0093    0.0067    0.0035    0.0055    0.0062    0.0049    0.0085

fractalDimensionSE
  mean                      0.0068    0.0116    0.0042    0.0026     0.008    0.0028    0.0054     0.004    0.0022     0.002    0.0046    0.0035    0.0023    0.0036
  std. dev.                 0.0023    0.0072    0.0011    0.0009    0.0027    0.0009    0.0019    0.0013    0.0008    0.0005    0.0017    0.0011    0.0007    0.0011

radiusWorst
  mean                     24.1049   13.5398   16.4494   19.8171   11.3996   15.9846   18.1048   10.6423   12.5483    15.344   13.0271   23.5007   13.2302   30.2824
  std. dev.                 2.1804     2.735    0.8847    1.1355     1.984    1.1746    1.9552     0.861    1.4661    0.6351    0.7904    1.6864    0.6553    2.5173

textureWorst
  mean                     28.6812   21.6191   28.9794   28.1941   25.6006   23.5831    30.054    23.125   22.7238    25.352    23.879   29.1412   24.2558   29.6011
  std. dev.                 5.0203    3.5145    5.1332    5.1231    5.2145    5.8705    6.7571      4.98    6.5573     5.576      5.31    5.2477    5.5246    6.3153

perimeterWorst
  mean                    166.9165   90.8871  109.7833  129.4881   76.1053  105.3313  123.8351   68.3523   79.5725   98.9789   85.5047  155.7032   85.3275  204.3748
  std. dev.                 16.221   19.3202    5.6804    7.2328   14.4755    7.4277   12.6136    5.5437    9.5417    3.9207    5.3807   11.3895    4.4145   19.1496

areaWorst
  mean                   1775.7259  582.1559  824.6927  1208.083  389.8705  784.8264 1017.1007  347.0096  490.5085  725.1098  518.0773 1701.3831  537.8042 2829.4875
  std. dev.               296.4741  225.2443   98.0489  130.0594  127.5052  116.8754  222.2769   54.9426  112.7354   60.8811   63.3654  255.4034   54.2306  529.0539

smoothnessWorst
  mean                      0.1478     0.118    0.1526      0.13    0.1658    0.1294    0.1635    0.1365    0.1032    0.1127    0.1306    0.1382    0.1284    0.1374
  std. dev.                 0.0178    0.0161     0.017     0.019    0.0347    0.0137    0.0195    0.0197    0.0124    0.0108    0.0221    0.0167    0.0152     0.012

compactnessWorst
  mean                      0.5181    0.2957    0.3641    0.2588    0.4858    0.2557    0.5475     0.135    0.0676    0.1453    0.2142    0.3157    0.1609    0.3602
  std. dev.                 0.1561    0.1385    0.0747    0.1081    0.2146    0.0667     0.162    0.0442    0.0189    0.0348    0.0709    0.0976    0.0464    0.1309

concavityWorst
  mean                      0.6198    0.4247    0.3826    0.2973    0.4991    0.2707    0.6323    0.0849    0.0187     0.117    0.1972    0.4141    0.1444    0.4719
  std. dev.                 0.1883    0.3073    0.0847    0.1062    0.1942    0.0788    0.1708    0.0629    0.0175    0.0492    0.0942     0.115    0.0586     0.125

concavePointsWorst
  mean                      0.2382    0.1117    0.1582    0.1411    0.1351    0.1166     0.201    0.0453    0.0216    0.0735    0.0877    0.1818     0.071    0.2267
  std. dev.                 0.0331    0.0431    0.0275     0.039    0.0686    0.0222    0.0295    0.0253    0.0151    0.0191    0.0252    0.0285    0.0176    0.0387

symmetryWorst
  mean                      0.3644    0.2587    0.3344    0.3049    0.3792    0.2831    0.3654     0.275    0.2429    0.2515    0.2656    0.3005    0.2855    0.2773
  std. dev.                 0.0872     0.066    0.0562    0.0678    0.1273    0.0439    0.0657    0.0392    0.0344    0.0259    0.0404    0.0464    0.0349    0.0492

fractalDimensionWorst
  mean                       0.104    0.0967    0.0986    0.0764    0.1266    0.0818    0.1151    0.0819     0.068    0.0693    0.0842    0.0817    0.0754    0.0811
  std. dev.                 0.0139    0.0221    0.0138    0.0117    0.0228    0.0093    0.0236    0.0087    0.0071    0.0051    0.0119    0.0112    0.0072     0.012



Time taken to build model (full training data) : 225.87 seconds

=== Model and evaluation on training set ===

Clustered Instances

 0       21 (  4%)
 1       18 (  3%)
 2       28 (  5%)
 3       36 (  6%)
 4       10 (  2%)
 5       58 ( 10%)
 6       37 (  7%)
 7       49 (  9%)
 8       39 (  7%)
 9       49 (  9%)
10       70 ( 12%)
11       62 ( 11%)
12       76 ( 13%)
13       16 (  3%)


Log likelihood: 19.70173


Class attribute: class
Classes to Clusters:

  0  1  2  3  4  5  6  7  8  9 10 11 12 13  <-- assigned to cluster
 21  3 22 33  3 11 37  0  0  1  2 62  1 16 | M
  0 15  6  3  7 47  0 49 39 48 68  0 75  0 | B

Cluster  0 <-- No class
Cluster  1 <-- No class
Cluster  2 <-- No class
Cluster  3 <-- No class
Cluster  4 <-- No class
Cluster  5 <-- No class
Cluster  6 <-- No class
Cluster  7 <-- No class
Cluster  8 <-- No class
Cluster  9 <-- No class
Cluster 10 <-- No class
Cluster 11 <-- M
Cluster 12 <-- B
Cluster 13 <-- No class

Incorrectly clustered instances :	432.0	 75.9227 %
