AL,14,2,3,1,0,0,1,1,0,0,3,0,0,0,0,1
NL,6,0,1,0,0,0,0,0,0,0,2,0,0,0,0,0
NL,2,0,1,0,0,0,0,0,0,0,0,0,0,0,0,0
AL,0,0,0,0,0,0,0,0,0,0,0,0,0,0,0,0
NL,296,44,87,22,5,6,46,1,1,34,63,2,3,0,7,10
AL,164,17,35,6,0,5,20,1,0,21,46,1,3,0,1,7
NL,0,0,0,0,0,0,0,0,0,0,0,0,0,0,0,0
AL,147,20,40,6,3,2,11,8,1,8,35,1,1,1,1,3
AL,1,0,0,0,0,0,0,0,0,0,0,0,0,0,0,0
NL,2,2,0,0,0,0,0,0,0,0,0,0,0,0,0,0
AL,470,65,126,18,1,1,40,9,5,52,65,0,4,7,4,9
AL,66,3,15,1,0,0,4,0,0,2,21,0,0,0,1,0
NL,0,0,0,0,0,0,0,0,0,0,0,0,0,0,0,0
AL,218,38,52,12,0,16,39,0,0,39,83,1,0,0,3,4
NL,7,0,1,0,0,0,0,0,0,1,2,0,0,0,0,0
AL,299,33,72,17,2,1,30,21,1,16,52,0,3,3,5,6
NL,23,3,4,0,1,1,3,0,0,0,8,0,1,0,1,0
NL,0,0,0,0,0,0,0,0,0,0,0,0,0,0,0,0
NL,170,16,45,11,0,5,22,0,0,17,51,2,2,0,1,4
NL,257,29,66,15,2,6,29,0,0,31,61,2,1,2,4,8
NL,646,78,183,29,12,14,78,25,13,36,100,5,4,0,5,15
AL,2,0,0,0,0,0,0,0,0,0,2,0,0,0,0,0
NL,166,18,43,11,1,4,22,0,1,17,35,0,1,2,0,10
NL,1,0,0,0,0,0,0,0,0,0,1,0,0,0,0,0
AL,1,1,0,0,0,0,0,0,0,1,0,0,0,0,0,0
AL,487,70,142,25,5,23,82,16,4,43,102,5,7,0,3,9
NL,24,4,7,2,0,0,3,0,0,1,3,0,0,1,0,0
NL,54,4,12,0,2,0,4,2,1,5,18,2,1,2,0,0
AL,0,0,0,0,0,0,0,0,0,0,0,0,0,0,0,0
NL,0,0,0,0,0,0,0,0,0,0,0,0,0,0,0,0
NL,0,0,0,0,0,0,0,0,0,0,0,0,0,0,0,0
NL,16,1,4,1,0,0,1,0,0,1,3,0,0,6,0,0
AL,158,15,32,6,0,2,12,3,2,6,24,1,1,4,0,2
AL,278,36,78,12,0,16,37,0,0,30,59,3,1,0,4,10
AL,2,0,0,0,0,0,0,0,0,0,2,0,0,1,0,0
AL,5,0,1,0,0,0,0,0,0,0,3,0,0,0,0,0
AL,3,0,0,0,0,0,0,0,0,0,2,0,0,1,0,0
AL,142,16,38,6,1,5,16,2,1,8,27,0,1,0,0,2
NL,0,0,0,0,0,0,0,0,0,0,0,0,0,0,0,0
NL,0,0,0,0,0,0,0,0,0,0,0,0,0,0,0,0
AL,598,88,169,43,2,16,67,21,7,73,150,0,14,0,1,10
NL,56,6,7,1,0,0,2,2,1,5,3,0,0,0,0,0
NL,0,0,0,0,0,0,0,0,0,0,0,0,0,0,0,0
NL,1,0,0,0,0,0,0,0,0,0,1,0,0,0,0,0
AL,259,33,76,15,2,2,19,16,3,8,47,2,0,5,0,2
NL,1,0,0,0,0,0,0,0,0,0,0,0,0,0,0,0
NL,22,1,3,1,0,0,1,0,0,2,7,0,0,0,0,2
NL,1,0,0,0,0,0,0,0,0,0,1,0,0,0,0,0
NL,199,16,40,12,0,1,16,0,1,16,39,0,0,0,0,10
NL,0,0,0,0,0,0,0,0,0,0,0,0,0,0,0,0
NL,11,2,1,0,0,0,0,0,0,3,3,0,0,0,0,1
AL,0,0,0,0,0,0,0,0,0,0,0,0,0,0,0,0
NL,0,0,0,0,0,0,0,0,0,0,0,0,0,0,0,0
NL,93,10,13,1,0,1,10,0,2,9,12,1,0,1,2,4
AL,0,0,0,0,0,0,0,0,0,0,0,0,0,0,0,0
NL,3,0,1,0,0,0,0,0,0,0,1,0,0,0,0,0
AL,0,0,0,0,0,0,0,0,0,0,0,0,0,0,0,0
AL,1,0,0,0,0,0,0,0,0,0,0,0,0,0,0,0
NL,16,1,1,0,0,0,2,0,0,1,5,0,0,6,0,0
AL,4,0,0,0,0,0,0,0,0,0,3,0,0,0,0,0
AL,1,0,0,0,0,0,0,0,0,0,0,0,0,0,0,0
NL,420,62,122,27,10,18,72,7,3,21,117,0,2,2,1,6
AL,18,0,3,0,0,0,1,0,0,1,0,0,1,1,1,1
NL,40,2,3,0,0,2,6,0,0,3,16,0,0,0,1,0
AL,58,4,10,5,0,2,9,0,0,3,27,0,0,0,0,2
NL,76,8,19,2,0,0,4,5,2,8,21,2,0,2,0,0
NL,0,0,0,0,0,0,0,0,0,0,0,0,0,0,0,0
AL,0,0,0,0,0,0,0,0,0,0,0,0,0,0,0,0
AL,140,16,42,11,0,4,11,0,1,4,22,0,1,0,0,1
NL,36,3,4,0,1,0,4,0,0,1,17,0,0,6,0,0
AL,0,0,0,0,0,0,0,0,0,0,0,0,0,0,0,0
NL,0,0,0,0,0,0,0,0,0,0,0,0,0,0,0,0
NL,1,0,0,0,0,0,0,0,0,0,1,0,0,0,0,0
NL,78,5,21,2,0,4,13,0,1,4,19,0,1,1,1,2
NL,47,1,5,0,0,0,0,0,1,0,21,0,0,8,0,0
NL,18,0,1,0,0,0,2,0,0,1,10,0,0,0,2,0
NL,86,7,14,4,1,1,3,1,1,4,24,2,0,2,0,2
AL,104,10,28,2,0,1,9,3,4,11,27,0,0,0,1,3
NL,561,72,138,33,4,15,35,4,0,31,113,0,3,2,3,11
NL,469,76,144,35,0,22,92,2,1,37,89,1,1,0,7,15
AL,0,0,0,0,0,0,0,0,0,0,0,0,0,0,0,0
NL,435,44,108,26,3,4,45,1,4,33,95,6,3,2,3,4
AL,117,23,33,10,2,3,19,5,0,3,22,0,2,1,2,1
AL,455,68,118,25,7,11,46,39,4,45,64,0,0,6,2,9
AL,0,0,0,0,0,0,0,0,0,0,0,0,0,0,0,0
NL,0,0,0,0,0,0,0,0,0,0,0,0,0,0,0,0
NL,283,26,84,20,0,6,40,2,1,9,34,1,2,1,1,7
AL,585,86,152,45,0,24,90,8,4,48,140,2,5,0,4,7
NL,1,0,0,0,0,0,0,0,0,0,1,0,0,0,0,0
NL,126,11,32,9,1,1,11,0,1,3,19,0,0,0,2,4
NL,358,53,93,30,2,16,58,8,3,32,78,1,0,0,4,12
NL,67,3,6,1,0,0,2,0,0,0,24,0,0,17,0,0
NL,22,0,3,0,0,0,1,0,0,0,7,0,0,1,0,0
AL,97,5,17,4,0,1,7,0,3,9,25,1,0,3,0,0
AL,207,25,46,6,2,4,19,4,0,17,27,0,0,0,0,0
AL,3,0,0,0,0,0,0,0,0,0,0,0,0,0,0,0
AL,67,12,15,1,0,1,4,3,1,6,16,0,0,0,2,1
NL,6,2,0,0,0,0,1,1,0,0,2,0,0,0,0,0
NL,17,1,4,1,0,1,1,0,0,2,2,0,0,0,0,3
AL,3,0,1,0,0,0,0,0,0,0,1,0,0,0,0,0
AL,515,75,139,20,0,33,85,2,3,37,169,6,7,0,3,8
NL,519,66,118,26,0,32,90,0,2,61,141,3,1,0,3,10
AL,447,64,115,24,3,8,43,46,13,29,102,3,6,1,4,8
AL,2,0,1,0,0,0,0,0,0,0,1,0,0,0,0,0
AL,524,81,147,29,6,9,50,26,12,47,109,3,9,4,1,1
NL,0,0,0,0,0,0,0,0,0,0,0,0,0,0,0,0
NL,506,76,133,28,8,9,50,7,8,61,89,1,9,2,4,9
NL,33,5,9,3,0,0,4,1,1,3,7,0,0,0,1,1
AL,8,0,0,0,0,0,0,0,0,0,6,0,0,0,0,0
AL,0,0,0,0,0,0,0,0,0,0,0,0,0,0,0,0
NL,5,0,2,0,0,0,1,0,0,0,1,0,0,0,0,0
NL,0,0,0,0,0,0,0,0,0,0,0,0,0,0,0,0
NL,25,3,6,0,0,0,1,0,0,0,9,0,0,3,0,1
NL,0,0,0,0,0,0,0,0,0,0,0,0,0,0,0,0
NL,0,0,0,0,0,0,0,0,0,0,0,0,0,0,0,0
NL,32,1,3,0,1,0,1,0,0,0,9,0,0,1,0,0
NL,348,56,102,19,6,8,36,13,5,27,52,0,2,2,3,9
NL,85,13,16,5,0,0,6,1,0,14,18,0,0,1,1,3
NL,374,41,85,10,7,4,26,6,3,37,83,3,5,7,3,5
NL,513,72,150,33,2,25,73,21,6,30,113,1,3,0,1,17
NL,45,0,2,0,0,0,1,0,0,1,22,0,0,3,0,0
NL,29,1,4,1,0,0,1,0,0,0,2,0,0,0,1,1
AL,7,1,1,0,0,0,0,0,0,0,4,0,0,1,0,0
AL,15,4,4,0,0,0,0,0,0,1,5,0,1,0,0,3
NL,108,10,24,6,0,2,13,0,0,9,21,1,0,0,1,4
AL,14,5,4,0,0,2,5,3,0,3,5,0,0,0,0,1
NL,72,3,11,0,0,0,3,0,0,0,14,0,1,10,0,3
NL,2,0,1,0,0,0,0,0,0,0,1,0,0,0,0,0
NL,0,0,0,0,0,0,0,0,0,0,0,0,0,0,0,0
NL,0,0,0,0,0,0,0,0,0,0,0,0,0,0,0,0
AL,314,56,101,18,5,8,35,1,1,23,53,2,2,3,2,4
NL,319,26,91,13,2,5,39,4,2,14,53,5,2,0,7,8
NL,0,0,0,0,0,0,0,0,0,0,0,0,0,0,0,0
NL,109,14,31,2,2,5,16,0,0,4,17,1,0,0,0,4
AL,124,18,25,2,1,2,11,4,0,5,40,0,3,1,2,0
AL,274,34,66,16,0,9,33,4,1,14,61,0,5,0,1,6
AL,0,0,0,0,0,0,0,0,0,0,0,0,0,0,0,0
AL,0,0,0,0,0,0,0,0,0,0,0,0,0,0,0,0
AL,1,0,0,0,0,0,0,0,0,0,0,0,0,1,0,0
AL,484,56,133,34,1,18,75,0,0,29,98,5,7,0,8,17
NL,178,15,36,4,1,8,16,2,4,8,38,1,4,1,0,5
AL,0,0,0,0,0,0,0,0,0,0,0,0,0,0,0,0
AL,316,33,74,11,1,6,33,9,2,16,58,0,1,4,3,10
AL,2,0,0,0,0,0,0,0,0,0,1,0,0,0,0,0
NL,135,17,26,8,1,2,12,0,1,19,35,1,0,0,1,1
AL,152,21,38,5,0,5,16,1,1,18,41,1,0,0,2,1
NL,401,43,96,15,0,15,57,1,0,51,120,0,4,0,3,5
AL,1,0,0,0,0,0,0,0,0,0,1,0,0,0,0,0
NL,1,0,0,0,0,0,0,0,0,0,0,0,0,0,0,0
AL,232,29,47,10,0,11,31,1,2,28,59,1,1,0,3,9
AL,539,87,110,19,0,41,96,2,1,105,222,3,1,0,4,8
NL,1,0,0,0,0,0,0,0,0,0,0,0,0,0,0,0
NL,0,0,0,0,0,0,0,0,0,0,0,0,0,0,0,0
AL,292,52,76,8,5,0,9,30,5,30,56,1,1,4,3,5
NL,85,19,22,3,2,2,5,2,3,14,15,0,3,1,0,0
NL,0,0,0,0,0,0,0,0,0,0,0,0,0,0,0,0
NL,1,0,0,0,0,0,0,0,0,0,0,0,0,0,0,0
NL,0,0,0,0,0,0,0,0,0,0,0,0,0,0,0,0
NL,0,0,0,0,0,0,0,0,0,0,0,0,0,0,0,0
NL,0,0,0,0,0,0,0,0,0,0,0,0,0,0,0,0
AL,16,1,3,1,1,0,1,0,0,1,6,0,0,0,0,0
NL,423,44,114,20,1,13,52,0,0,65,107,11,7,6,4,17
NL,415,62,107,21,1,7,31,5,0,40,70,0,7,2,0,5
AL,303,43,82,18,0,4,26,14,3,19,43,0,0,0,1,5
NL,68,1,13,4,0,0,7,0,0,5,6,0,0,0,0,1
NL,0,0,0,0,0,0,0,0,0,0,0,0,0,0,0,0
AL,542,93,152,24,0,42,110,13,3,84,94,12,11,0,7,6
NL,12,0,0,0,0,0,0,0,0,1,8,0,0,1,0,0
NL,20,2,3,0,0,0,0,0,0,0,12,0,0,2,0,0
AL,0,0,0,0,0,0,0,0,0,0,0,0,0,0,0,0
NL,0,0,0,0,0,0,0,0,0,0,0,0,0,1,0,0
AL,605,68,177,30,7,5,52,35,5,27,100,2,8,8,0,14
AL,87,14,18,4,1,0,3,2,0,9,23,0,0,1,0,0
AL,44,4,10,0,0,0,6,1,0,2,8,0,1,1,1,0
AL,558,58,141,22,1,9,51,5,1,35,70,1,4,7,4,21
NL,594,82,147,37,2,17,56,20,6,46,189,4,13,3,2,11
NL,40,1,4,2,0,0,3,0,0,2,21,0,0,3,0,0
NL,556,79,158,36,1,20,89,2,2,50,124,6,9,0,3,13
AL,0,0,0,0,0,0,0,0,0,0,0,0,0,0,0,0
AL,18,2,1,0,0,0,0,0,0,3,5,0,0,0,0,0
AL,85,14,29,6,1,0,7,0,2,4,9,0,0,2,0,2
NL,1,0,0,0,0,0,0,0,0,0,1,0,0,0,0,0
NL,8,1,1,0,0,0,0,1,0,1,2,0,0,0,0,0
NL,3,0,1,0,0,0,0,0,0,1,2,0,0,0,0,0
AL,4,0,1,0,0,0,1,0,0,0,2,0,0,1,0,0
AL,2,0,0,0,0,0,0,0,0,0,1,0,0,0,0,0
NL,0,0,0,0,0,0,0,0,0,0,0,0,0,0,0,0
NL,0,0,0,0,0,0,0,0,0,0,0,0,0,0,0,0
AL,581,83,182,33,1,30,108,1,0,85,84,18,17,0,7,19
NL,2,0,0,0,0,0,0,0,0,1,1,0,0,0,0,0
NL,32,0,3,0,0,0,2,0,0,0,17,0,0,6,0,0
NL,7,1,2,1,0,0,0,0,0,0,2,0,0,1,0,0
AL,166,18,30,5,2,2,11,4,1,19,48,0,0,7,2,3
AL,0,0,0,0,0,0,0,0,0,0,0,0,0,0,0,0
AL,2,0,0,0,0,0,0,0,0,0,1,0,0,0,0,0
AL,153,15,33,2,1,6,19,1,0,6,43,0,3,3,1,3
NL,277,22,59,12,1,6,26,1,2,13,59,3,1,2,3,6
AL,137,16,30,5,2,1,10,3,1,10,30,0,0,3,0,3
AL,136,19,29,6,0,7,13,2,1,12,56,0,4,1,0,2
AL,1,0,0,0,0,0,0,0,0,0,0,0,0,0,0,0
NL,97,13,28,2,0,1,5,0,1,7,23,2,1,0,0,2
AL,71,7,13,3,0,3,4,1,0,7,13,0,0,1,0,3
NL,315,45,86,13,3,6,26,8,2,28,57,0,6,0,1,6
NL,454,72,136,18,11,13,53,12,5,68,128,1,0,6,2,5
AL,50,5,12,5,1,0,2,0,1,4,10,0,0,0,0,0
NL,85,5,21,4,0,2,5,0,0,5,23,0,0,0,0,0
AL,57,4,13,5,0,2,8,0,0,4,16,0,0,0,2,1
NL,0,0,0,0,0,0,0,0,0,0,0,0,0,0,0,0
NL,31,2,2,0,0,0,0,0,0,2,8,0,0,6,0,2
AL,561,58,132,26,3,16,49,4,7,34,119,9,7,0,1,14
NL,192,17,45,11,0,9,32,1,1,11,70,2,1,0,1,5
NL,195,24,66,10,3,2,14,0,1,9,18,2,5,1,0,4
AL,0,0,0,0,0,0,0,0,0,0,0,0,0,0,0,0
NL,422,55,115,26,6,19,67,3,2,36,103,1,3,0,4,9
NL,540,91,140,33,2,23,94,2,0,64,129,4,7,0,9,10
NL,0,0,0,0,0,0,0,0,0,0,0,0,0,0,0,0
NL,501,70,147,25,1,20,79,3,3,57,122,2,7,0,2,19
NL,25,1,2,0,0,0,0,0,0,3,15,0,0,1,0,0
NL,0,0,0,0,0,0,0,0,0,0,0,0,0,0,0,0
AL,0,0,0,0,0,0,0,0,0,0,0,0,0,0,0,0
NL,4,0,1,0,0,0,0,0,0,1,1,0,0,0,0,0
AL,0,0,0,0,0,0,0,0,0,0,0,0,0,0,0,0
NL,0,0,0,0,0,0,0,0,0,0,0,0,0,0,0,0
AL,41,2,7,1,0,0,4,0,1,8,9,0,0,0,2,0
AL,98,14,25,3,2,0,5,7,2,8,14,0,1,0,0,0
AL,0,0,0,0,0,0,0,0,0,0,0,0,0,0,0,0
NL,477,69,126,18,3,5,49,12,4,44,57,1,1,5,4,7
NL,8,0,0,0,0,0,0,0,0,0,3,0,0,0,0,0
NL,67,3,11,3,0,1,9,0,0,0,25,0,0,8,0,1
NL,190,14,43,15,1,3,24,0,0,7,29,0,0,3,0,6
NL,69,10,17,2,1,1,6,3,0,4,15,0,1,0,1,0
AL,47,7,15,0,0,0,3,0,2,3,10,1,1,0,0,1
NL,0,0,0,0,0,0,0,0,0,0,0,0,0,0,0,0
AL,1,0,0,0,0,0,0,0,0,0,1,0,0,0,0,0
NL,3,0,1,0,0,0,1,0,0,0,1,0,0,0,0,0
NL,40,7,10,1,1,1,3,0,0,2,15,0,0,4,0,1
AL,31,7,10,2,0,0,3,2,2,5,7,0,0,1,0,0
NL,30,0,2,1,0,0,0,0,0,0,23,0,0,4,0,0
NL,8,0,0,0,0,0,0,0,0,0,4,0,0,0,0,0
NL,0,0,0,0,0,0,0,0,0,0,0,0,0,0,0,0
NL,27,4,4,2,0,0,1,0,0,2,7,0,0,5,0,1
AL,240,31,73,12,3,1,26,13,7,14,41,1,10,5,0,4
NL,17,1,1,0,0,0,0,0,0,1,10,0,0,6,0,0
AL,189,22,52,10,3,0,17,9,3,11,17,0,0,8,2,3
NL,89,7,20,4,0,1,8,0,0,20,24,2,2,0,2,4
AL,181,21,43,7,1,1,15,3,0,8,35,0,0,0,0,4
NL,20,2,3,1,0,0,2,0,0,0,2,0,0,0,0,0
AL,100,10,26,4,0,1,9,0,0,8,24,0,0,1,0,4
AL,11,1,5,0,0,0,1,0,0,0,3,0,0,0,0,0
NL,514,82,147,43,1,20,82,18,3,60,130,4,4,0,9,9
AL,1,0,0,0,0,0,1,0,0,1,1,0,0,0,0,0
AL,279,46,73,10,0,18,47,3,1,44,104,2,8,1,1,2
AL,98,9,20,4,0,4,13,0,0,6,32,0,3,1,3,3
NL,415,72,108,19,4,19,51,37,6,20,98,1,8,6,3,6
AL,4,0,1,0,0,0,0,0,0,0,1,0,0,0,0,0
AL,102,14,28,5,2,2,17,0,0,8,26,0,0,0,1,4
AL,484,63,145,37,0,15,86,0,0,31,81,4,5,0,7,9
NL,145,12,43,10,1,3,22,2,0,11,29,1,0,0,1,1
NL,81,8,21,4,0,4,15,1,1,6,15,0,2,0,0,1
AL,54,7,13,2,1,0,4,0,0,0,9,0,0,1,0,0
NL,518,89,157,31,5,22,85,20,5,56,115,11,2,0,3,11
NL,9,0,1,0,0,0,1,0,0,2,5,0,0,1,0,0
NL,64,2,6,1,0,1,4,0,0,1,25,0,0,9,1,0
NL,205,21,48,13,0,2,12,3,3,13,29,0,0,1,0,9
NL,0,0,0,0,0,0,0,0,0,0,0,0,0,0,0,0
AL,642,93,189,51,5,14,72,10,5,73,140,3,3,0,3,14
NL,303,38,69,9,2,1,17,32,10,20,62,0,3,2,2,5
NL,6,0,2,0,0,0,1,0,0,1,1,0,0,0,0,0
AL,166,25,37,7,3,1,11,15,3,17,59,0,2,4,0,1
NL,2,1,0,0,0,0,0,0,1,0,2,0,0,0,0,0
AL,596,102,138,18,4,43,106,10,3,75,195,4,5,1,7,5
NL,192,28,57,7,1,8,36,0,0,31,39,1,1,0,2,8
AL,0,0,0,0,0,0,0,0,0,0,0,0,0,0,0,0
NL,1,0,0,0,0,0,0,0,0,0,1,0,0,0,0,0
NL,23,1,4,3,0,0,1,0,0,0,6,0,1,0,0,0
NL,103,8,19,7,0,3,14,0,0,10,24,0,2,0,2,3
NL,179,16,39,9,2,4,19,9,2,13,56,1,1,2,2,4
NL,126,18,31,6,0,7,11,3,2,6,39,0,0,0,1,3
NL,1,0,0,0,0,0,0,0,0,0,1,0,0,0,0,0
AL,0,0,0,0,0,0,0,0,0,0,0,0,0,0,0,0
NL,20,1,6,0,0,0,2,0,0,0,5,0,0,1,0,0
NL,33,3,7,3,0,1,2,0,0,0,8,0,0,4,1,2
NL,0,0,0,0,0,0,0,0,0,0,0,0,0,0,0,0
NL,0,0,0,0,0,0,0,0,0,0,0,0,0,0,0,0
NL,0,0,0,0,0,0,0,0,0,0,0,0,0,0,0,0
NL,25,1,2,0,0,0,1,0,0,1,11,0,0,4,0,1
AL,150,18,39,10,1,4,17,3,1,9,31,0,2,1,1,5
AL,7,2,1,0,0,1,1,0,0,0,1,0,0,0,0,0
NL,287,32,71,18,2,9,48,3,3,29,71,3,2,1,2,2
NL,259,29,60,8,4,0,17,13,6,16,52,2,0,2,0,6
NL,3,0,0,0,0,0,0,0,0,0,1,0,0,0,0,0
AL,219,23,50,6,2,12,34,0,0,32,47,2,9,0,3,9
AL,0,0,0,0,0,0,0,0,0,0,0,0,0,0,0,0
NL,70,5,16,2,0,0,7,1,0,3,14,0,1,0,0,1
NL,238,19,65,13,1,4,26,1,2,23,27,2,3,1,2,7
NL,377,52,99,25,3,20,57,8,2,19,83,0,1,0,1,10
NL,53,4,9,0,0,0,2,0,0,0,26,0,0,4,0,0
AL,9,2,2,0,0,1,1,0,0,5,7,1,0,0,0,0
NL,69,5,15,2,0,1,5,0,1,4,27,0,1,8,0,1
AL,562,103,160,31,2,43,128,7,4,60,162,13,5,0,9,9
AL,4,0,0,0,0,0,0,0,0,0,3,0,0,3,0,0
NL,1,0,0,0,0,0,0,0,0,0,0,0,0,0,0,0
NL,1,0,0,0,0,0,0,0,0,0,0,0,0,0,0,1
NL,317,25,87,14,0,2,24,0,0,44,37,13,3,4,3,6
AL,287,23,70,16,0,4,29,0,2,27,63,0,2,1,1,9
NL,0,0,0,0,0,0,0,0,0,0,0,0,0,0,0,0
NL,49,0,1,0,0,0,0,0,0,2,30,0,0,10,0,0
NL,32,2,3,0,0,0,1,0,0,3,16,0,0,5,0,0
NL,56,1,4,1,0,0,2,0,0,0,23,0,0,7,0,1
AL,663,85,158,30,2,22,68,0,0,38,106,4,3,7,2,21
AL,4,0,0,0,0,0,0,0,0,0,2,0,0,3,0,0
NL,533,98,144,26,9,22,59,18,6,56,120,0,2,3,3,8
NL,59,5,9,0,0,0,1,0,0,1,32,0,0,3,0,1
NL,249,34,58,9,5,3,16,7,3,10,37,0,7,7,3,3
AL,5,0,0,0,0,0,0,0,0,0,3,0,0,2,0,1
NL,44,5,5,4,0,0,2,1,1,3,8,0,0,1,0,0
NL,0,0,0,0,0,0,0,0,0,0,0,0,0,0,0,0
NL,562,91,152,35,4,30,83,5,0,44,151,5,11,2,3,13
NL,18,0,6,2,0,0,3,0,0,0,7,0,0,3,0,0
NL,1,0,0,0,0,0,0,0,0,0,1,0,0,0,0,0
AL,0,0,0,0,0,0,0,0,0,0,0,0,0,0,0,0
NL,114,7,23,6,0,0,3,1,0,4,49,3,0,0,0,1
NL,604,95,173,31,2,31,115,17,6,86,157,2,4,0,5,7
AL,126,10,32,8,0,2,15,0,0,4,32,0,1,5,1,2
NL,20,1,2,0,0,1,1,0,0,0,11,0,0,6,0,0
NL,347,44,92,16,5,7,31,6,3,18,81,0,7,3,0,8
AL,1,0,0,0,0,0,0,0,0,0,0,0,0,1,0,0
NL,240,31,57,16,1,7,37,1,1,39,44,1,1,0,3,6
NL,0,0,0,0,0,0,0,0,0,0,0,0,0,0,0,0
AL,2,0,0,0,0,0,0,0,0,0,1,0,0,0,0,0
NL,1,0,0,0,0,0,0,0,0,0,0,0,0,0,0,0
NL,24,2,6,1,1,0,2,1,0,3,7,1,0,0,0,0
NL,1,0,1,0,0,0,0,0,0,0,0,0,0,0,0,0
AL,3,0,1,1,0,0,2,0,0,0,1,0,0,0,0,0
NL,24,2,2,0,0,0,2,2,0,1,5,0,1,0,0,1
NL,132,16,28,2,3,3,11,5,2,12,37,0,2,1,0,1
NL,1,0,0,0,0,0,0,0,0,1,0,0,0,0,0,0
NL,3,0,0,0,0,0,0,0,0,0,1,0,0,0,0,0
AL,2,0,0,0,0,0,0,0,0,0,0,0,0,0,0,0
NL,184,16,40,10,0,5,28,0,1,6,32,1,2,2,2,4
NL,1,0,0,0,0,0,0,0,0,0,1,0,0,0,0,0
NL,187,26,47,10,1,1,17,4,2,23,50,0,2,2,0,5
NL,225,29,59,9,1,3,12,4,1,16,39,3,2,7,0,5
AL,0,0,0,0,0,0,0,0,0,0,0,0,0,0,0,0
AL,18,0,1,0,0,0,1,0,0,1,5,0,0,0,0,0
AL,85,14,18,1,0,3,4,0,0,8,25,0,1,1,0,1
NL,587,93,158,30,6,27,82,21,8,58,152,1,2,0,3,4
AL,64,8,11,5,0,3,7,1,0,6,31,0,0,0,0,1
NL,609,93,184,44,6,26,85,14,5,52,86,7,4,1,2,15
NL,39,3,7,1,0,0,1,0,0,0,7,0,0,0,0,0
AL,0,0,0,0,0,0,0,0,0,0,0,0,0,0,0,0
NL,10,1,2,1,0,0,0,0,0,0,3,0,0,0,0,0
NL,1,0,0,0,0,0,0,0,0,0,1,0,0,0,0,0
NL,0,0,0,0,0,0,0,0,0,0,0,0,0,0,0,0
NL,132,9,26,7,1,2,13,0,0,14,41,2,0,0,1,5
AL,5,0,1,0,0,0,0,0,0,0,1,0,0,0,0,0
AL,1,0,0,0,0,0,0,0,0,0,0,0,0,0,0,0
AL,12,3,3,1,0,0,0,0,0,0,2,0,0,1,0,0
AL,2,0,0,0,0,0,0,0,0,0,1,0,0,0,0,0
AL,0,0,0,0,0,0,0,0,0,0,0,0,0,0,0,0
NL,599,95,177,36,2,27,102,4,4,75,132,3,9,0,5,16
NL,65,6,19,2,1,0,3,0,0,4,14,0,0,2,1,1
NL,0,0,0,0,0,0,0,0,0,0,0,0,0,0,0,0
NL,0,0,0,0,0,0,0,0,0,0,0,0,0,0,0,0
AL,535,65,124,22,2,14,60,16,1,56,95,4,2,0,5,10
NL,260,28,57,11,0,14,56,0,0,25,99,7,4,0,3,8
AL,0,0,0,0,0,0,0,0,0,0,0,0,0,0,0,0
NL,13,1,2,0,0,0,1,0,0,2,6,0,0,0,1,0
NL,123,11,26,0,5,1,11,3,2,8,27,0,0,0,0,3
AL,137,10,27,3,3,2,17,3,1,12,24,1,0,3,0,3
NL,55,4,12,3,0,0,6,0,0,2,18,0,1,7,2,0
NL,78,7,15,4,0,1,7,0,0,16,12,1,0,0,1,3
NL,1,0,0,0,0,0,0,0,0,0,1,0,0,0,0,0
AL,10,0,2,0,0,0,2,1,0,0,4,0,0,0,1,0
AL,13,0,1,0,0,0,0,0,0,0,6,0,0,0,0,0
AL,2,0,0,0,0,0,0,0,0,0,1,0,0,0,0,0
AL,5,0,1,0,0,0,1,0,0,0,2,0,0,0,0,0
NL,204,14,32,7,1,3,22,0,3,15,56,2,2,1,3,4
AL,534,81,167,24,1,16,92,9,1,38,133,1,8,1,3,15
AL,2,0,0,0,0,0,0,0,0,0,1,0,0,0,0,0
AL,2,0,0,0,0,0,0,0,0,0,0,0,0,0,0,0
AL,221,27,53,6,1,9,26,1,3,29,60,0,2,0,1,4
AL,384,50,92,19,3,19,62,3,0,35,67,5,4,0,2,14
AL,68,5,8,2,0,1,2,1,0,4,16,0,3,2,0,2
NL,328,42,94,23,2,8,33,10,1,12,42,0,1,4,2,7
AL,226,27,58,7,5,4,20,7,2,9,23,0,0,4,2,2
AL,20,2,2,1,0,1,2,0,0,0,6,0,0,0,0,0
AL,283,31,64,13,0,11,52,0,1,24,85,1,1,0,3,8
NL,152,19,39,12,1,4,30,0,0,13,42,3,4,4,1,4
AL,0,0,0,0,0,0,0,0,0,0,0,0,0,0,0,0
AL,0,0,0,0,0,0,0,0,0,0,0,0,0,0,0,0
NL,162,9,38,6,2,2,11,1,1,3,13,0,0,4,0,7
NL,4,4,2,1,0,0,0,0,0,0,0,0,0,0,0,0
AL,289,35,74,11,0,2,20,17,2,25,38,0,2,3,0,10
AL,543,103,163,29,10,16,66,12,9,67,134,0,2,2,3,9
NL,120,14,21,6,1,4,9,0,3,22,59,0,0,0,0,1
NL,57,6,13,0,0,0,0,0,0,3,21,0,0,5,0,0
NL,17,2,2,0,0,0,0,0,0,1,3,0,0,0,0,1
NL,19,4,4,1,0,0,2,0,0,4,6,1,0,0,0,0
NL,167,18,31,6,1,0,9,1,0,17,30,0,2,0,0,1
NL,0,0,0,0,0,0,0,0,0,0,0,0,0,0,0,0
AL,0,0,0,0,0,0,0,0,0,0,0,0,0,0,0,0
AL,294,41,81,19,2,10,50,5,0,56,51,1,5,1,5,6
NL,443,70,135,22,4,4,40,19,7,34,71,3,15,9,1,9
NL,1,0,0,0,0,0,0,0,0,0,0,0,0,0,0,0
AL,505,85,124,19,7,13,47,31,2,46,120,1,5,6,1,7
AL,683,99,216,32,0,15,58,9,4,45,90,1,5,6,1,24
AL,17,0,1,0,0,0,0,0,0,1,4,0,0,0,0,0
AL,5,0,0,0,0,0,0,0,0,0,5,0,0,0,0,0
NL,341,36,95,21,3,8,41,4,1,23,92,1,3,0,1,12
NL,147,12,42,7,2,7,35,1,0,8,40,1,1,1,3,6
AL,22,8,8,1,0,3,6,0,0,9,3,1,0,0,0,0
AL,297,32,72,10,2,6,33,18,6,24,84,0,3,5,2,3
AL,0,0,0,0,0,0,0,0,0,0,0,0,0,0,0,0
NL,53,2,5,0,0,0,2,0,0,2,34,0,0,5,0,0
AL,507,61,114,19,2,16,55,14,2,62,159,4,5,2,4,8
AL,87,9,18,4,0,4,11,2,0,11,26,0,4,0,0,4
NL,169,23,51,9,3,3,16,2,1,10,43,1,4,0,0,3
NL,100,7,27,5,0,0,4,0,1,3,18,0,2,0,0,1
NL,52,3,13,2,0,0,4,0,0,4,10,2,0,1,1,2
AL,648,103,186,39,3,32,82,16,7,34,126,0,13,0,2,15
AL,233,27,46,7,0,14,34,0,0,28,71,1,5,0,3,2
NL,387,58,111,23,0,14,62,1,0,57,51,6,1,0,3,15
NL,475,68,130,28,3,27,86,2,0,33,103,2,0,0,7,3
AL,0,0,0,0,0,0,0,0,0,0,0,0,0,0,0,0
AL,399,55,96,18,3,17,59,4,3,55,102,4,6,1,1,10
NL,13,1,1,0,0,0,0,0,0,1,6,0,0,3,0,0
AL,128,13,30,9,0,4,14,1,0,10,28,0,1,0,0,6
AL,96,12,22,3,0,0,5,3,2,6,26,0,0,0,1,4
NL,28,3,3,0,0,0,2,0,0,0,15,0,0,1,0,0
AL,104,13,20,1,0,0,7,2,2,8,18,0,1,2,0,2
NL,147,21,36,6,0,4,16,2,1,22,44,1,6,0,0,8
AL,0,0,0,0,0,0,0,0,0,0,0,0,0,0,0,0
NL,10,0,2,0,0,0,0,0,0,0,4,0,0,2,0,1
AL,113,14,21,2,1,1,7,2,0,14,22,0,0,0,0,2
NL,33,3,5,2,0,0,2,0,0,0,13,0,0,2,0,0
NL,403,74,122,22,2,23,69,9,4,40,103,8,3,0,3,10
AL,550,57,158,32,3,8,67,14,6,29,115,1,4,6,5,26
NL,36,2,5,2,0,0,0,0,0,3,19,0,0,6,0,0
NL,168,22,44,8,1,2,16,1,1,23,33,1,1,4,5,5
NL,51,4,4,0,1,0,6,0,0,11,29,0,0,10,1,1
AL,385,46,125,15,1,9,40,1,0,24,31,0,4,1,4,14
NL,58,2,12,1,0,0,2,0,0,2,19,0,0,14,1,2
NL,20,1,2,0,0,0,1,0,0,1,10,0,0,5,1,0
NL,0,0,0,0,0,0,0,0,0,0,0,0,0,0,0,0
AL,655,105,168,42,5,19,72,21,9,60,90,0,10,1,5,14
NL,0,0,0,0,0,0,0,0,0,0,0,0,0,0,0,0
AL,591,86,152,22,4,14,76,31,7,67,109,2,5,3,6,12
NL,1,0,0,0,0,0,0,0,0,0,1,0,0,0,0,0
NL,19,3,4,0,0,0,0,0,0,2,2,0,0,0,0,0
AL,32,2,7,0,0,0,1,0,0,4,3,0,0,0,1,2
AL,533,66,159,22,0,26,75,0,0,56,83,4,7,0,2,16
NL,1,0,0,0,0,0,0,0,0,0,0,0,0,0,0,0
AL,463,46,106,12,0,12,55,3,0,26,49,1,7,3,1,15
NL,143,9,37,8,0,2,14,0,2,11,14,1,1,0,1,2
NL,86,10,18,4,0,3,12,0,0,29,24,1,0,1,0,2
AL,85,10,18,2,1,6,19,0,0,8,24,0,0,0,0,2
NL,72,11,24,5,3,2,14,2,0,7,19,1,0,1,2,4
NL,141,14,35,9,0,9,26,0,0,11,34,2,2,0,3,2
NL,506,75,128,30,4,30,90,1,1,57,151,7,2,0,6,11
AL,2,0,0,0,0,0,0,0,0,0,1,0,0,0,0,0
AL,1,0,0,0,0,0,0,0,0,0,0,0,0,0,0,0
NL,340,42,88,17,0,16,40,4,2,39,124,3,0,0,1,8
NL,35,2,9,1,0,1,4,0,0,2,8,0,0,0,0,1
AL,174,24,49,8,1,2,11,0,0,14,21,0,1,1,1,4
NL,15,1,2,0,0,0,2,0,0,1,3,0,0,0,0,0
AL,1,0,0,0,0,0,0,0,0,0,1,0,0,1,0,0
NL,9,0,1,0,0,0,0,0,0,1,4,0,0,1,0,0
AL,58,2,14,2,0,1,5,0,0,1,17,0,1,0,0,1
NL,571,76,155,35,1,33,100,1,1,67,138,7,0,0,9,10
NL,65,2,12,1,0,1,4,0,0,3,32,0,1,10,1,0
AL,153,11,24,8,0,2,12,0,0,11,41,0,0,0,2,4
AL,494,73,135,26,3,11,48,13,8,33,86,0,5,2,2,9
NL,0,0,0,0,0,0,0,0,0,0,0,0,0,0,0,0
AL,0,0,0,0,0,0,0,0,0,0,0,0,0,0,0,0
NL,0,0,0,0,0,0,0,0,0,0,0,0,0,0,0,0
NL,61,8,18,3,0,2,3,0,0,1,20,0,0,7,0,0
NL,12,0,1,1,0,0,0,0,0,0,1,0,1,3,0,1
NL,1,0,0,0,0,0,0,0,0,0,1,0,1,0,0,0
NL,258,24,74,15,1,5,29,0,0,19,17,2,0,0,0,7
NL,292,29,71,12,0,4,48,3,0,39,32,2,1,0,6,6
NL,64,3,10,2,0,0,4,1,0,1,23,0,0,6,0,0
NL,229,26,68,12,4,2,22,1,2,13,42,4,0,3,2,8
NL,30,2,8,2,0,0,2,0,0,4,11,0,2,0,0,1
NL,1,0,0,0,0,0,0,0,0,0,0,0,0,0,0,0
NL,10,1,2,0,0,0,0,0,0,0,2,0,0,0,0,1
AL,5,0,0,0,0,0,0,0,0,0,3,0,0,1,0,1
AL,4,0,2,0,0,0,2,0,0,0,2,0,0,0,0,0
NL,20,2,3,0,0,0,0,0,0,4,5,1,1,0,0,0
AL,116,8,26,4,1,3,10,2,1,9,49,0,0,0,1,0
NL,0,0,0,0,0,0,0,0,0,0,0,0,0,0,0,0
AL,63,10,11,1,0,0,2,7,2,4,26,0,1,1,1,0
AL,16,0,2,0,0,0,0,0,0,0,5,0,0,0,0,0
AL,111,15,24,5,0,3,8,6,0,7,40,0,3,0,2,2
NL,15,0,1,0,0,0,0,0,0,1,7,0,0,4,0,0
NL,45,2,4,0,0,0,3,0,0,6,26,0,0,10,0,0
AL,12,1,3,0,0,0,0,0,0,0,5,0,0,0,0,0
NL,10,2,2,0,0,0,0,0,0,0,6,0,0,0,0,0
AL,0,0,0,0,0,0,0,0,0,0,0,0,0,0,0,0
AL,321,28,82,14,2,11,45,0,0,29,61,1,0,0,3,10
NL,0,0,0,0,0,0,0,0,0,0,0,0,0,0,0,0
NL,0,0,0,0,0,0,0,0,0,0,0,0,0,0,0,0
NL,0,0,0,0,0,0,0,0,0,0,0,0,0,0,0,0
AL,3,0,0,0,0,0,0,0,0,0,2,0,0,0,0,0
AL,167,16,37,10,0,2,20,0,1,24,46,1,2,2,2,6
NL,11,0,1,0,0,0,0,0,0,0,7,0,0,0,0,0
NL,0,0,0,0,0,0,0,0,0,0,0,0,0,1,0,0
AL,0,0,0,0,0,0,0,0,0,0,0,0,0,0,0,0
NL,64,4,6,1,0,0,3,0,0,2,19,0,0,12,1,2
NL,384,40,105,16,3,3,27,5,3,19,46,1,6,6,1,1
NL,334,32,85,18,0,4,33,0,3,23,39,7,0,1,1,16
AL,100,5,23,2,0,2,8,0,0,5,12,0,0,0,1,5
AL,273,39,79,14,0,17,55,2,3,33,61,6,3,0,3,14
NL,0,0,0,0,0,0,0,0,0,0,0,0,0,0,0,0
AL,213,16,53,13,0,4,28,0,1,8,35,0,0,0,3,8
AL,23,2,5,1,0,0,0,0,0,1,6,0,0,0,0,1
NL,0,0,0,0,0,0,0,0,0,0,0,0,0,0,0,0
NL,0,0,0,0,0,0,0,0,0,0,0,0,0,0,0,0
AL,59,9,14,2,1,0,2,1,0,4,9,0,1,0,1,2
AL,1,0,0,0,0,0,0,0,0,0,0,0,0,0,0,0
NL,1,0,0,0,0,0,0,0,0,0,0,0,0,0,0,0
AL,4,0,2,0,0,0,0,0,0,0,0,0,0,0,0,0
AL,0,0,0,0,0,0,0,0,0,0,0,0,0,0,0,0
AL,0,0,0,0,0,0,0,0,0,0,0,0,0,0,0,0
NL,340,43,83,18,0,16,42,2,0,43,65,0,2,0,2,3
NL,316,46,101,17,4,12,58,4,1,22,44,1,4,1,3,12
NL,422,53,116,28,1,26,80,0,1,42,97,3,5,1,2,9
NL,11,0,0,0,0,0,0,0,0,0,6,0,0,1,0,0
AL,0,0,0,0,0,0,0,0,0,0,0,0,0,0,0,0
NL,62,5,14,2,0,2,10,0,0,4,14,0,0,0,0,1
NL,11,1,1,0,0,0,0,0,0,0,5,0,0,0,0,0
NL,38,3,6,1,0,1,4,0,0,1,18,0,0,7,0,0
NL,50,4,3,0,0,0,1,0,0,2,36,0,0,10,1,0
NL,0,0,0,0,0,0,0,0,0,0,0,0,0,0,0,0
NL,0,0,0,0,0,0,0,0,0,0,0,0,0,0,0,0
AL,191,24,50,8,3,7,26,2,0,9,38,0,0,1,1,6
NL,0,0,0,0,0,0,0,0,0,0,0,0,0,0,0,0
NL,39,1,3,0,0,1,3,0,0,2,22,0,0,2,0,1
NL,24,1,1,0,0,0,0,0,0,0,16,0,0,1,0,0
AL,4,0,0,0,0,0,0,0,0,0,0,0,0,0,0,0
AL,64,8,11,1,1,2,7,2,0,8,24,0,0,1,1,0
NL,2,0,0,0,0,0,0,0,0,0,1,0,0,0,0,0
AL,0,0,0,0,0,0,0,0,0,0,0,0,0,0,0,0
NL,9,0,0,0,0,0,1,0,0,2,4,0,0,1,0,0
NL,233,22,62,9,0,8,30,1,1,17,56,0,2,4,0,5
AL,0,0,0,0,0,0,0,0,0,0,0,0,0,0,0,0
NL,38,1,4,1,0,0,1,0,0,3,14,0,0,3,0,0
AL,420,59,125,28,3,13,54,1,1,42,51,3,4,0,5,11
NL,0,0,0,0,0,0,0,0,0,0,0,0,0,0,0,0
AL,0,0,0,0,0,0,0,0,0,0,0,0,0,0,0,0
NL,32,3,9,3,0,0,1,0,0,0,12,0,1,3,0,0
NL,0,0,0,0,0,0,0,0,0,0,0,0,0,0,0,0
AL,195,27,44,8,2,0,13,4,2,36,44,0,1,2,1,10
AL,1,0,0,0,0,0,0,0,0,0,0,0,0,0,0,0
NL,167,18,43,3,6,5,17,12,5,8,50,0,3,2,2,5
NL,0,0,0,0,0,0,0,0,0,0,0,0,0,0,0,0
NL,3,0,0,0,0,0,0,0,0,0,1,0,0,0,0,0
NL,118,12,28,7,1,6,14,0,1,6,34,0,5,0,1,1
NL,395,34,95,14,3,11,55,0,2,40,96,0,1,0,2,18
NL,0,0,0,0,0,0,0,0,0,0,0,0,0,0,0,0
AL,46,6,8,5,2,0,6,3,0,4,12,0,0,1,1,2
AL,18,1,2,0,0,0,0,0,0,0,4,0,1,0,0,0
NL,115,10,20,3,0,2,7,0,0,5,21,2,0,2,0,4
AL,422,50,89,18,0,21,53,6,1,53,95,0,8,2,0,13
AL,2,0,0,0,0,0,0,0,0,0,1,0,0,0,0,0
AL,163,22,41,3,2,3,17,21,3,18,45,0,1,3,1,4
NL,225,18,47,11,0,5,19,5,2,14,46,1,1,1,2,4
AL,211,25,46,13,0,8,27,1,0,9,68,0,0,6,1,2
AL,2,0,0,0,0,0,0,0,0,0,1,0,0,0,0,0
AL,95,7,14,1,0,2,7,0,0,8,22,1,0,0,0,5
NL,1,0,0,0,0,0,0,0,0,0,1,0,0,0,0,0
NL,5,0,0,0,0,0,0,0,0,0,2,0,0,0,0,0
AL,4,0,1,0,0,0,0,0,0,0,2,0,0,0,0,0
AL,545,81,174,31,4,10,85,8,4,90,88,10,2,1,3,23
NL,315,46,72,13,3,18,53,9,4,32,114,0,3,0,2,6
NL,441,53,108,24,0,14,46,1,0,34,111,2,2,0,2,17
NL,507,67,123,20,5,8,45,26,7,44,110,1,4,3,3,12
NL,60,7,15,1,1,1,4,1,0,3,9,0,1,2,0,1
AL,4,0,2,0,0,0,1,0,0,0,2,0,0,1,0,0
NL,78,8,16,2,0,2,11,0,0,1,17,0,1,0,1,4
NL,439,44,101,14,0,20,67,3,0,44,76,7,1,0,3,15
NL,1,0,0,0,0,0,0,0,0,0,1,0,0,0,0,0
NL,2,0,0,0,0,0,0,0,0,0,1,0,0,0,0,0
AL,52,10,9,1,0,1,7,2,1,4,6,0,0,0,0,1
NL,593,107,194,29,6,31,96,20,12,70,132,13,5,0,5,9
NL,0,0,0,0,0,0,0,0,0,0,0,0,0,0,0,0
AL,84,17,18,7,0,2,9,1,1,12,17,0,0,2,1,1
AL,4,0,0,0,0,0,0,0,0,0,2,0,0,0,0,0
NL,49,8,7,0,0,0,1,0,0,8,23,0,0,6,0,1
NL,197,16,49,9,0,6,22,0,1,12,33,5,1,2,0,3
AL,0,0,0,0,0,0,0,0,0,0,0,0,0,0,0,0
NL,265,27,61,13,1,8,35,1,1,24,60,0,2,0,2,7
AL,53,9,8,3,0,1,6,0,0,5,10,0,0,0,1,3
NL,4,0,0,0,0,0,0,0,0,0,2,0,0,0,0,0
NL,240,25,56,14,0,12,39,0,0,29,73,1,3,0,3,7
NL,57,4,8,2,0,0,2,0,0,5,18,0,0,0,0,0
AL,209,35,56,12,1,7,18,12,1,22,43,1,2,2,1,2
NL,5,0,0,0,0,0,0,0,0,1,3,0,0,0,0,0
NL,33,3,4,1,0,0,2,0,0,4,15,0,0,2,0,0
NL,0,0,0,0,0,0,0,0,0,0,0,0,0,0,0,0
NL,3,0,0,0,0,0,1,0,0,0,2,0,0,2,0,0
AL,0,0,0,0,0,0,0,0,0,0,0,0,0,0,0,0
AL,2,0,0,0,0,0,0,0,0,0,2,0,0,0,0,0
NL,62,7,13,5,1,1,5,0,1,4,14,0,1,0,1,0
AL,2,0,1,0,0,0,1,0,0,0,0,0,0,0,0,0
NL,165,17,35,8,0,5,14,1,1,17,33,4,1,0,1,2
AL,267,34,77,14,0,15,54,4,1,13,70,0,3,0,3,8
AL,0,0,0,0,0,0,0,0,0,0,0,0,0,0,0,0
NL,1,0,0,0,0,0,0,0,0,0,1,0,0,0,0,0
NL,3,0,0,0,0,0,0,0,0,0,1,0,0,0,0,0
NL,65,4,11,2,0,0,2,0,0,2,20,0,0,8,0,1
AL,0,0,0,0,0,0,0,0,0,0,0,0,0,0,0,0
AL,0,0,0,0,0,0,0,0,0,0,0,0,0,0,0,0
NL,3,0,2,1,0,0,0,0,0,0,0,0,0,0,0,0
AL,5,0,0,0,0,0,0,0,0,0,4,0,0,0,0,0
AL,5,1,1,0,0,0,2,0,0,0,1,0,0,0,0,0
NL,55,5,4,1,0,0,0,0,0,2,26,0,0,4,0,1
AL,0,0,0,0,0,0,0,0,0,0,0,0,0,0,0,0
AL,251,27,56,9,0,8,32,3,1,20,60,0,2,1,0,9
NL,505,65,159,28,0,22,76,12,3,45,55,4,5,3,5,10
AL,515,46,134,20,0,15,62,0,2,29,99,4,2,0,7,15
NL,486,65,139,25,2,15,88,0,0,73,130,6,12,0,2,15
AL,11,1,2,1,0,1,2,0,0,1,3,0,0,0,0,0
AL,4,0,0,0,0,0,1,0,0,0,2,0,0,1,0,0
NL,201,23,52,11,0,9,26,0,1,16,56,2,7,1,3,3
NL,156,20,41,9,0,10,29,3,0,14,46,0,1,0,0,3
AL,2,0,1,0,0,0,0,0,0,0,1,0,0,0,0,0
AL,484,61,132,26,1,22,73,0,1,31,116,1,4,0,3,11
AL,113,14,20,2,0,0,5,4,1,7,39,0,0,5,0,3
AL,327,41,90,18,0,15,50,1,1,23,71,5,1,2,4,8
NL,289,44,69,5,3,3,16,12,5,20,63,0,6,7,0,4
AL,505,63,135,26,2,19,77,1,0,49,102,8,6,0,10,19
NL,0,0,0,0,0,0,0,0,0,0,0,0,0,0,0,0
NL,296,30,68,15,1,11,36,1,0,31,58,2,4,0,3,9
NL,406,53,118,17,1,18,62,0,1,16,97,0,4,0,4,14
AL,1,0,0,0,0,0,0,0,0,0,1,0,0,0,0,0
NL,13,0,0,0,0,0,0,0,0,0,8,0,0,2,0,0
NL,11,0,2,1,0,0,1,0,0,0,5,0,0,1,0,0
NL,1,0,0,0,0,0,0,0,0,0,0,0,0,0,0,0
AL,265,48,77,18,0,21,52,1,1,26,90,2,3,0,2,5
NL,0,0,0,0,0,0,0,0,0,0,0,0,0,0,0,0
NL,0,0,0,0,0,0,0,0,0,0,0,0,0,0,0,0
AL,563,69,136,34,1,20,73,5,2,39,124,4,7,0,5,4
NL,13,1,2,0,0,0,2,0,0,1,10,0,0,3,0,0
NL,0,0,0,0,0,0,0,0,0,0,0,0,0,0,0,0
NL,0,0,0,0,0,0,0,0,0,0,0,0,0,0,0,0
NL,0,0,0,0,0,0,0,0,0,0,0,0,0,0,0,0
AL,457,65,139,29,3,15,61,10,5,54,74,7,4,0,4,7
NL,571,62,166,40,3,6,65,10,2,36,82,5,1,0,4,12
NL,116,13,25,6,2,3,12,1,1,9,35,1,2,1,1,4
NL,0,0,0,0,0,0,0,0,0,0,0,0,0,0,0,0
NL,102,6,16,3,0,3,6,1,0,7,24,2,0,0,0,3
NL,50,6,12,3,1,1,7,0,0,6,13,0,1,0,0,5
AL,352,53,80,9,2,24,56,1,0,56,125,5,7,0,2,9
NL,3,0,0,0,0,0,0,0,0,0,2,0,0,0,0,0
AL,0,0,0,0,0,0,0,0,0,0,0,0,0,0,0,0
AL,267,38,65,21,0,6,33,3,0,37,63,1,9,2,2,5
NL,69,6,20,3,1,2,12,0,0,2,12,1,0,1,1,1
NL,50,4,8,0,0,1,4,0,2,5,13,0,0,0,1,2
AL,23,2,5,1,0,0,2,0,0,0,6,0,1,0,0,1
NL,4,2,1,0,0,0,0,0,0,1,2,0,0,0,0,0
NL,345,45,104,21,3,9,53,2,1,27,84,4,1,2,2,9
NL,18,0,2,0,0,0,1,0,0,2,13,0,0,1,0,0
NL,109,8,19,3,0,1,13,0,0,8,27,0,2,2,1,1
NL,55,8,12,0,0,0,2,0,0,6,19,0,0,7,0,0
NL,282,40,71,12,1,7,28,4,4,25,98,0,2,3,2,2
NL,47,3,14,2,0,1,5,0,0,3,9,1,0,0,1,3
NL,36,4,11,1,0,1,3,0,1,1,8,1,0,1,0,0
AL,12,0,0,0,0,0,1,0,0,1,1,0,0,0,1,0
AL,177,24,43,13,0,4,18,6,3,14,53,0,2,9,0,4
NL,114,13,28,10,0,3,16,0,0,12,42,0,0,0,1,1
AL,4,0,2,0,0,0,0,0,0,0,2,0,0,0,0,0
NL,56,4,9,3,0,0,8,0,0,4,27,0,0,10,0,0
AL,0,0,0,0,0,0,0,0,0,0,0,0,0,0,0,0
NL,50,2,5,1,0,0,3,0,0,1,15,0,0,8,1,0
AL,209,19,42,8,1,7,34,5,1,21,66,1,1,0,1,6
AL,7,0,1,0,0,0,0,0,0,0,6,0,0,2,0,0
AL,89,14,26,4,1,1,11,11,2,6,12,0,1,0,4,1
AL,0,0,0,0,0,0,0,0,0,0,0,0,0,0,0,0
NL,0,0,0,0,0,0,0,0,0,0,0,0,0,0,0,0
AL,2,0,1,0,0,0,0,0,0,0,1,0,0,0,0,0
NL,16,2,1,0,0,0,0,0,0,0,8,0,0,1,0,1
AL,0,0,0,0,0,0,0,0,0,0,0,0,0,0,0,0
AL,0,0,0,0,0,0,0,0,0,0,0,0,0,0,0,0
AL,315,27,70,14,0,12,29,3,6,7,85,0,0,1,0,8
AL,41,8,10,2,0,0,1,0,0,0,9,0,0,1,0,1
NL,0,0,0,0,0,0,0,0,0,0,0,0,0,0,0,0
AL,33,2,5,1,0,0,5,1,1,5,13,0,0,0,2,1
NL,0,0,0,0,0,0,0,0,0,0,0,0,0,0,0,0
NL,54,6,17,5,1,0,7,3,1,1,18,0,0,2,0,0
AL,0,0,0,0,0,0,0,0,0,0,0,0,0,0,0,0
NL,4,0,2,0,0,0,0,1,0,1,2,0,1,0,0,0
AL,324,65,103,26,0,23,60,0,1,56,51,13,0,0,3,6
NL,1,0,0,0,0,0,0,0,0,0,1,0,0,0,0,0
NL,9,1,1,0,0,0,0,0,0,0,7,0,0,3,0,0
NL,12,0,1,0,0,0,1,0,0,1,8,0,0,0,0,0
NL,96,11,28,9,0,2,10,0,0,12,26,2,0,0,1,3
NL,20,1,2,1,0,0,0,0,0,1,8,0,0,0,0,1
NL,2,0,0,0,0,0,0,0,0,0,2,0,0,0,0,0
NL,475,51,147,32,3,5,54,7,2,22,61,2,3,1,4,13
AL,1,0,0,0,0,0,0,0,0,0,0,0,0,0,0,0
NL,605,95,174,38,15,8,56,29,7,48,97,5,0,2,4,6
NL,0,0,0,0,0,0,0,0,0,0,0,0,0,0,0,0
NL,0,0,0,0,0,0,0,0,0,0,0,0,0,0,0,0
NL,74,7,14,1,1,0,3,2,1,6,21,0,0,0,2,0
NL,0,0,0,0,0,0,0,0,0,0,0,0,0,0,0,0
AL,6,0,0,0,0,0,0,0,0,0,4,0,0,1,0,0
AL,192,18,44,10,2,5,20,0,0,13,52,1,4,0,1,4
NL,0,0,0,0,0,0,0,0,0,0,0,0,0,1,0,0
NL,385,58,105,21,2,7,36,15,9,33,77,4,4,6,2,4
NL,1,0,0,0,0,0,0,0,0,0,1,0,0,0,0,0
NL,116,9,24,5,0,1,6,1,0,17,35,7,2,2,1,2
NL,169,21,41,6,1,2,13,2,0,10,32,1,1,7,1,5
NL,0,0,0,0,0,0,0,0,0,0,0,0,0,0,0,0
AL,0,0,0,0,0,0,0,0,0,0,0,0,0,0,0,0
AL,0,0,0,0,0,0,0,0,0,0,0,0,0,0,0,0
AL,0,0,0,0,0,0,0,0,0,0,0,0,0,0,0,0
AL,63,5,16,3,0,0,5,0,0,1,9,0,0,0,0,6
NL,86,8,27,5,1,2,7,4,2,9,18,1,0,1,0,2
AL,2,0,0,0,0,0,0,0,0,0,1,0,0,0,0,1
AL,71,8,18,4,0,3,14,0,1,8,17,0,0,2,2,1
NL,63,2,16,4,1,0,8,1,1,7,16,1,3,0,2,3
AL,25,6,4,0,0,1,4,0,0,5,8,0,0,0,0,0
AL,5,1,0,0,0,0,1,0,0,0,3,0,0,0,0,0
AL,563,81,163,39,3,15,65,20,6,48,60,3,5,1,6,9
AL,56,2,10,2,1,2,7,0,0,1,28,0,0,0,0,0
NL,16,6,3,0,0,0,0,3,0,0,7,0,0,0,0,0
NL,6,1,1,1,0,0,0,0,0,0,0,0,0,1,0,1
AL,212,16,50,10,1,2,25,0,1,9,24,0,0,1,4,7
AL,497,72,98,17,2,19,61,2,3,87,182,2,13,0,3,10
AL,4,0,1,0,0,0,0,0,0,0,0,0,0,0,0,0
NL,398,59,108,15,2,17,59,4,2,37,85,1,3,0,2,13
NL,219,28,48,11,2,7,45,1,0,19,60,1,4,1,5,1
AL,418,50,90,18,2,6,28,15,6,35,90,0,2,5,2,1
NL,1,0,0,0,0,0,0,0,0,0,0,0,0,0,0,0
AL,531,58,127,32,3,13,63,1,2,49,105,3,2,1,2,20
AL,0,0,0,0,0,0,0,0,0,0,0,0,0,0,0,0
NL,11,0,1,1,0,0,0,0,0,0,5,0,0,0,0,0
AL,0,0,0,0,0,0,0,0,0,0,0,0,0,0,0,0
NL,5,3,1,0,0,0,0,3,0,0,0,0,0,0,0,0
AL,2,1,1,0,0,0,0,0,0,0,0,0,0,0,0,0
NL,1,0,0,0,0,0,0,0,0,0,1,0,0,0,0,0
AL,0,0,0,0,0,0,0,0,0,0,0,0,0,0,0,0
AL,0,0,0,0,0,0,0,0,0,0,0,0,0,0,0,0
AL,289,38,87,16,0,11,39,0,0,12,27,3,1,0,3,14
AL,0,0,0,0,0,0,0,0,0,0,0,0,0,0,0,0
NL,0,0,0,0,0,0,0,0,0,0,0,0,0,0,0,0
AL,0,0,0,0,0,0,0,0,0,0,0,0,0,0,0,0
NL,241,29,47,9,3,0,17,8,2,25,58,0,1,5,1,3
NL,1,0,0,0,0,0,0,0,0,0,1,0,0,0,0,0
AL,4,0,1,0,0,0,0,0,0,0,2,0,0,1,0,0
AL,33,2,7,0,0,1,5,0,0,1,10,0,0,0,0,0
NL,580,86,163,30,1,18,77,15,2,28,79,2,8,3,4,19
NL,10,4,3,1,0,1,2,0,0,1,4,0,0,0,0,0
NL,394,59,121,10,6,1,25,37,7,23,27,0,4,17,1,4
AL,479,68,133,18,4,27,77,0,0,28,78,5,8,1,4,8
NL,105,10,22,3,0,4,11,1,0,6,19,1,2,1,0,5
AL,2,0,0,0,0,0,0,0,0,0,0,0,0,0,0,0
AL,422,56,99,19,1,24,55,1,3,37,92,0,4,0,2,9
AL,199,19,60,7,0,1,12,8,2,6,35,0,1,8,2,3
NL,303,28,78,15,0,2,19,0,0,18,25,1,2,4,1,7
NL,81,8,20,4,1,2,8,1,2,9,11,1,0,1,2,2
NL,26,2,6,2,0,1,1,0,0,1,15,0,0,4,0,1
AL,2,0,0,0,0,0,0,0,0,0,1,0,0,1,0,0
NL,530,78,178,39,1,24,103,1,1,69,96,7,2,0,9,19
NL,617,81,186,42,6,10,70,17,4,58,69,2,2,4,9,19
NL,346,46,82,14,7,10,25,9,7,18,72,0,2,4,0,5
AL,4,0,0,0,0,0,0,0,0,1,2,0,0,0,0,0
NL,10,1,3,1,0,1,3,0,0,0,0,0,0,0,0,0
AL,17,2,3,2,0,1,2,0,0,0,4,0,0,0,0,1
AL,607,85,173,50,0,30,105,8,1,52,76,16,5,0,6,19
AL,125,14,25,6,0,1,10,5,0,19,33,0,0,2,2,5
NL,35,6,10,1,0,0,0,1,0,6,9,0,0,2,0,0
NL,0,0,0,0,0,0,0,0,0,0,0,0,0,0,0,0
NL,0,0,0,0,0,0,0,0,0,0,0,0,0,0,0,0
NL,0,0,0,0,0,0,0,0,0,0,0,0,0,0,0,0
NL,0,0,0,0,0,0,0,0,0,0,0,0,0,0,0,0
NL,284,44,74,21,0,16,46,0,1,36,41,2,17,0,3,6
AL,138,7,32,12,0,1,19,0,1,4,28,0,1,0,1,1
AL,3,0,0,0,0,0,0,0,0,1,3,0,0,1,0,0
NL,70,13,18,5,0,1,4,0,0,8,17,1,2,0,0,2
AL,99,12,23,3,0,3,12,0,1,8,25,0,0,1,2,1
AL,2,0,0,0,0,0,0,0,0,0,1,0,0,0,0,0
AL,205,14,35,14,0,1,12,1,1,13,53,0,2,1,1,7
NL,10,0,2,0,0,0,0,0,0,0,1,0,0,0,0,0
AL,593,59,157,24,4,9,73,20,7,16,77,2,4,4,4,15
NL,570,92,171,50,3,27,105,9,2,44,82,3,12,0,4,14
NL,1,0,0,0,0,0,0,0,0,0,1,0,0,0,0,0
AL,3,0,0,0,0,0,0,0,0,0,1,0,0,0,0,0
NL,353,49,87,18,2,14,48,14,4,37,72,1,3,0,2,11
NL,251,30,68,11,2,10,44,7,3,17,60,3,3,0,1,6
NL,0,0,0,0,0,0,0,0,0,0,0,0,0,0,0,0
NL,0,0,0,0,0,0,0,0,0,0,0,0,0,0,0,0
AL,1,0,0,0,0,0,0,0,0,0,1,0,0,0,0,0
NL,83,11,22,2,0,3,10,0,0,12,19,2,0,0,1,1
NL,78,11,21,7,0,5,16,0,0,7,30,0,3,0,0,1
NL,168,18,33,7,0,6,26,0,1,23,79,0,0,3,0,5
AL,0,0,0,0,0,0,0,0,0,0,0,0,0,0,0,0
AL,565,75,126,21,5,23,75,4,3,47,149,5,7,2,4,7
NL,0,0,0,0,0,0,0,0,0,0,0,0,0,0,0,0
AL,31,3,4,1,0,0,0,0,0,4,13,0,1,1,0,0
NL,18,1,3,1,0,1,4,0,0,2,2,0,1,0,0,1
AL,611,85,148,29,5,32,85,11,1,55,151,8,2,1,4,15
NL,1,0,0,0,0,0,0,0,0,0,1,0,0,0,0,0
AL,0,0,0,0,0,0,0,0,0,0,0,0,0,0,0,0
AL,67,10,21,6,0,5,10,1,0,2,14,0,0,0,0,3
AL,11,0,1,0,0,0,0,0,0,0,4,0,0,0,0,0
NL,3,0,0,0,0,0,0,0,0,1,2,0,0,1,0,0
AL,511,70,150,13,6,0,32,40,9,29,54,0,3,6,4,8
NL,642,86,184,37,12,11,57,40,11,63,56,9,0,5,6,10
AL,457,65,101,26,0,23,69,1,3,73,159,2,6,0,2,19
NL,3,0,0,0,0,0,0,0,0,0,2,0,0,1,0,0
AL,123,11,28,2,1,1,8,1,2,10,17,0,3,0,1,1
NL,69,5,6,2,0,1,7,0,0,1,40,0,0,8,1,1
AL,2,0,0,0,0,0,0,0,0,0,1,0,0,0,0,0
AL,605,93,184,37,8,25,91,23,6,26,92,3,4,0,5,18
NL,312,30,76,14,0,9,47,1,3,18,35,1,3,0,6,15
AL,0,0,0,0,0,0,0,0,0,0,0,0,0,0,0,0
NL,337,44,96,15,0,15,48,3,2,27,62,1,3,0,1,7
AL,66,2,12,0,0,0,5,1,1,5,12,0,0,1,2,0
AL,0,0,0,0,0,0,0,0,0,0,0,0,0,0,0,0
NL,252,28,63,9,0,6,34,6,3,22,45,1,0,2,4,10
AL,187,23,40,10,0,6,18,4,3,18,47,0,1,1,2,3
AL,4,0,0,0,0,0,0,0,0,0,2,0,0,0,0,0
NL,166,20,42,8,0,3,16,1,0,14,32,2,0,0,1,5
AL,145,16,32,4,1,3,12,6,3,14,43,1,1,4,0,2
AL,0,0,0,0,0,0,0,0,0,0,0,0,0,0,0,0
AL,463,74,126,17,1,18,57,13,1,51,116,3,10,0,5,13
NL,1,0,1,0,0,0,0,0,0,0,0,0,0,0,0,0
NL,5,1,1,0,0,1,1,0,0,2,3,0,0,0,0,0
NL,3,0,0,0,0,0,0,0,0,0,2,0,0,0,0,0
NL,0,0,0,0,0,0,0,0,0,0,0,0,0,0,0,0
NL,0,0,0,0,0,0,0,0,0,0,0,0,0,0,0,0
NL,14,0,3,1,0,0,2,0,0,2,2,0,0,0,0,1
AL,301,36,64,14,1,6,32,5,0,27,75,1,3,8,3,7
NL,0,0,0,0,0,0,0,0,0,0,0,0,0,0,0,0
NL,37,1,0,0,0,0,1,0,0,3,9,0,0,5,0,0
NL,24,1,4,0,0,0,1,0,0,0,5,0,0,3,0,0
NL,12,1,1,0,0,0,0,0,0,0,6,0,1,0,0,0
NL,2,0,0,0,0,0,0,0,0,0,1,0,0,0,0,0
AL,1,0,1,0,0,0,0,0,0,0,0,0,0,0,0,0
NL,14,1,3,2,0,0,0,0,0,0,5,0,0,2,0,0
NL,294,26,72,17,2,8,39,2,1,30,62,0,3,0,3,5
NL,632,102,158,33,5,23,68,30,5,62,96,2,0,2,3,9
NL,0,0,0,0,0,0,0,0,0,0,0,0,0,0,0,0
AL,5,1,1,0,0,0,0,0,0,0,2,0,0,0,0,0
AL,17,2,7,0,0,0,1,1,0,3,3,0,0,1,0,0
NL,0,0,0,0,0,0,0,0,0,0,0,0,0,0,0,0
AL,99,12,22,5,0,2,8,0,0,11,24,1,0,0,1,4
NL,0,0,0,0,0,0,0,0,0,0,0,0,0,0,0,0
NL,396,67,107,19,0,28,71,4,5,25,99,2,1,0,4,10
NL,3,0,1,0,0,0,1,0,0,0,1,0,0,1,0,0
NL,0,0,0,0,0,0,0,0,0,0,0,0,0,0,0,0
AL,476,70,127,34,1,22,81,2,3,42,129,3,3,1,6,11
NL,176,18,45,7,0,9,23,1,0,18,60,0,0,0,2,5
AL,2,1,0,0,0,0,0,0,0,0,1,0,0,0,0,0
AL,2,0,0,0,0,0,0,0,0,0,1,0,0,0,0,0
NL,33,8,6,1,0,2,5,3,0,6,9,1,0,0,0,0
AL,28,4,3,1,0,1,2,1,0,1,8,0,0,2,1,0
NL,33,4,11,2,1,3,10,0,0,2,12,1,0,0,2,1
NL,288,38,90,23,1,13,36,14,8,29,84,0,0,1,1,6
NL,372,56,121,32,0,16,68,4,0,29,50,6,16,0,4,6
NL,0,0,0,0,0,0,0,0,0,0,0,0,0,0,0,0
NL,12,0,2,0,1,0,0,0,0,0,5,0,0,0,0,0
NL,1,0,0,0,0,0,0,0,0,0,0,0,0,0,0,0
NL,277,37,76,20,5,8,37,7,0,9,54,0,4,0,1,8
AL,407,42,79,19,3,3,31,11,5,44,98,0,5,8,6,4
NL,0,0,0,0,0,0,0,0,0,0,0,0,0,0,0,0
AL,5,0,0,0,0,0,0,0,0,0,1,0,0,0,0,0
NL,0,0,0,0,0,0,0,0,0,0,0,0,0,0,0,0
NL,1,0,0,0,0,0,0,0,0,0,1,0,0,0,0,0
AL,2,0,0,0,0,0,0,0,0,0,2,0,0,1,0,0
AL,405,55,90,17,1,25,59,0,1,38,139,0,1,0,4,5
NL,50,0,5,0,0,0,3,0,0,3,16,0,1,7,0,1
NL,30,1,3,0,1,0,0,0,0,1,18,0,0,4,0,0
NL,1,0,0,0,0,0,0,0,0,0,1,0,0,0,0,0
NL,0,0,0,0,0,0,0,0,0,0,0,0,0,0,0,0
NL,183,12,37,10,0,3,17,1,0,12,36,1,0,0,1,7
NL,116,18,28,6,0,4,13,0,0,13,20,1,1,0,0,6
NL,218,22,61,15,0,3,34,0,0,5,52,0,1,0,3,8
AL,2,0,0,0,0,0,0,0,0,0,2,0,0,0,0,0
NL,3,0,0,0,0,0,0,0,0,0,3,0,0,0,0,0
NL,396,59,112,25,2,12,63,1,1,38,59,4,1,0,7,13
NL,23,2,4,2,0,0,1,0,0,1,9,0,0,0,0,0
AL,507,72,128,27,2,18,76,3,5,91,101,4,3,0,8,21
AL,4,0,0,0,0,0,0,0,0,0,4,0,0,1,0,0
NL,35,0,3,0,0,0,0,0,0,0,14,0,0,5,0,0
AL,0,0,0,0,0,0,0,0,0,0,0,0,0,0,0,0
AL,228,19,47,7,1,2,17,1,0,20,39,1,5,5,1,7
AL,8,0,1,0,0,0,1,0,0,0,1,0,0,1,1,2
NL,69,8,19,6,0,2,8,0,0,7,9,1,1,1,0,1
NL,1,0,0,0,0,0,0,0,0,0,1,0,0,0,0,0
NL,35,1,3,0,0,0,1,0,0,3,7,0,0,7,1,0
AL,507,71,125,31,3,19,57,21,4,43,132,0,1,1,1,6
NL,2,0,0,0,0,0,0,0,0,0,1,0,0,0,0,0
NL,1,0,0,0,0,0,0,0,0,1,0,0,0,1,0,0
NL,313,40,66,10,2,4,23,27,9,36,106,3,3,6,1,3
NL,23,3,7,1,2,0,5,0,1,1,3,0,0,0,1,0
AL,0,0,0,0,0,0,0,0,0,0,0,0,0,0,0,0
AL,2,0,0,0,0,0,0,0,0,0,1,0,0,2,0,0
NL,175,15,44,4,5,5,16,3,2,18,36,2,1,0,2,1
NL,66,5,18,4,0,1,5,0,0,5,10,0,0,1,1,0
NL,7,1,0,0,0,0,2,0,0,1,2,0,0,0,0,0
NL,89,9,20,5,0,2,7,0,0,5,15,0,3,1,0,4
NL,272,37,75,14,4,1,28,1,1,27,50,2,0,3,2,6
NL,4,0,1,0,0,0,1,0,0,0,1,0,0,0,0,0
NL,0,0,0,0,0,0,0,0,0,0,0,0,0,0,0,0
AL,314,35,72,22,1,14,55,5,0,21,80,3,5,0,4,9
AL,0,0,0,0,0,0,0,0,0,0,0,0,0,0,0,0
NL,377,47,102,16,3,4,30,7,3,27,35,0,4,4,3,5
NL,243,40,88,16,1,3,44,2,1,13,14,0,0,6,6,7
AL,594,62,154,35,1,20,86,13,5,46,110,1,5,2,4,9
AL,3,0,0,0,0,0,0,0,0,0,2,0,0,0,0,0
NL,148,19,39,4,3,0,14,7,1,13,21,3,0,1,1,1
NL,44,6,9,3,1,1,2,0,0,5,14,1,0,1,0,0
AL,0,0,0,0,0,0,0,0,0,0,0,0,0,0,0,0
NL,0,0,0,0,0,0,0,0,0,0,0,0,0,0,0,0
NL,13,0,0,0,0,0,0,0,0,1,6,0,0,3,0,0
AL,5,0,1,0,0,0,1,0,0,0,1,0,0,0,0,1
AL,140,16,35,12,2,5,17,1,0,11,62,1,5,2,0,2
NL,79,7,16,2,0,3,10,0,0,5,27,2,3,0,0,0
AL,147,14,33,4,0,6,15,1,0,8,44,0,2,0,0,3
NL,166,17,48,8,2,3,19,1,0,12,21,1,1,0,3,5
NL,4,0,0,0,0,0,0,0,0,0,2,0,0,0,0,0
AL,0,0,0,0,0,0,0,0,0,0,0,0,0,0,0,0
NL,7,0,0,0,0,0,0,0,0,0,4,0,0,2,0,0
NL,0,0,0,0,0,0,0,0,0,0,0,0,0,0,0,0
AL,0,0,0,0,0,0,0,0,0,0,0,0,0,0,0,0
AL,383,55,92,23,2,14,52,2,2,50,98,7,5,0,3,4
AL,483,49,105,14,0,19,51,1,0,49,111,2,1,0,2,12
AL,1,0,0,0,0,0,0,0,0,0,0,0,0,0,0,0
AL,36,6,9,2,0,3,8,0,0,3,14,0,0,0,1,0
NL,128,17,32,5,1,1,9,2,0,14,34,0,1,0,2,2
AL,65,11,18,2,0,3,9,0,0,3,26,0,0,1,0,1
NL,221,23,39,8,0,7,24,0,0,33,70,4,4,0,0,5
NL,0,0,0,0,0,0,0,0,0,0,0,0,0,0,0,0
AL,102,8,17,3,1,2,7,2,0,5,17,0,0,1,0,1
NL,285,29,84,11,3,2,28,7,0,21,58,1,2,3,5,5
NL,35,6,11,3,0,2,6,1,0,2,5,1,0,0,0,0
NL,4,0,0,0,0,0,0,0,0,0,2,0,0,0,0,0
NL,561,68,147,33,2,32,108,6,2,44,153,5,7,0,3,18
AL,0,0,0,0,0,0,0,0,0,0,0,0,0,0,0,0
NL,176,26,35,6,1,6,14,0,0,19,35,1,2,0,0,6
AL,148,19,29,6,0,5,25,1,0,11,41,0,1,2,2,6
AL,516,71,146,38,4,4,41,17,6,47,62,0,0,4,1,10
AL,4,0,0,0,0,0,0,0,0,0,3,0,0,0,0,0
NL,0,0,0,0,0,0,0,0,0,0,0,0,0,0,0,0
NL,6,0,0,0,0,0,0,0,0,0,4,0,0,2,0,0
NL,449,75,130,30,1,37,86,6,2,46,143,9,5,0,1,5
NL,1,0,0,0,0,0,1,0,0,0,0,0,0,1,0,0
AL,141,15,34,8,0,1,13,2,0,10,21,0,1,3,2,1
NL,179,16,36,5,2,5,17,0,3,21,46,4,2,0,0,5
AL,0,0,0,0,0,0,0,0,0,0,0,0,0,0,0,0
NL,1,0,0,0,0,0,0,0,0,0,1,0,0,0,0,0
NL,0,0,0,0,0,0,0,0,0,0,0,0,0,0,0,0
NL,0,0,0,0,0,0,0,0,0,0,0,0,0,0,0,0
NL,47,4,13,4,0,1,7,0,0,3,13,0,1,2,0,0
NL,0,0,0,0,0,0,0,0,0,0,0,0,0,0,0,0
AL,0,0,0,0,0,0,0,0,0,0,0,0,0,0,0,0
NL,493,75,105,13,2,14,40,30,7,42,166,0,2,6,1,2
NL,28,3,7,2,0,0,3,0,0,0,10,0,0,6,0,1
NL,10,0,1,0,0,0,0,0,0,1,1,0,0,3,0,0
AL,48,2,13,4,0,0,6,0,0,2,16,0,1,0,0,0
NL,74,10,18,8,1,1,7,0,1,4,26,0,0,0,1,1
AL,402,49,105,15,5,4,28,15,2,17,40,4,0,0,4,10
AL,227,28,73,13,1,5,27,14,5,5,21,1,2,5,1,2
AL,262,19,57,15,0,1,18,1,0,9,53,0,3,2,2,3
NL,146,17,39,5,0,5,25,1,0,11,20,3,2,2,3,2
AL,2,0,0,0,0,0,0,0,0,0,1,0,0,0,0,0
AL,204,22,53,19,2,0,16,0,0,12,43,0,1,1,1,1
AL,537,75,146,36,0,24,93,2,3,77,141,2,4,1,5,9
NL,333,43,81,20,3,3,16,8,12,29,58,0,6,6,0,7
AL,0,0,0,0,0,0,0,0,0,0,0,0,0,0,0,0
NL,0,0,0,0,0,0,0,0,0,0,0,0,0,0,0,0
AL,21,2,3,1,0,0,0,0,0,0,10,0,0,0,0,1
AL,57,4,9,3,0,2,9,0,0,5,23,0,0,2,0,1
NL,1,0,0,0,0,0,0,0,0,1,0,0,0,0,0,0
AL,451,66,113,27,1,24,84,2,1,54,83,1,7,0,12,11
NL,464,53,134,26,0,1,25,4,4,27,73,0,5,3,2,9
NL,15,0,2,0,0,0,0,1,0,0,4,0,0,0,0,0
AL,148,17,36,7,1,3,11,0,1,9,40,0,1,0,2,7
AL,123,10,27,5,2,6,14,1,0,6,47,0,0,1,0,0
NL,0,0,0,0,0,0,0,0,0,0,0,0,0,0,0,0
NL,0,0,0,0,0,0,0,0,0,0,0,0,0,0,0,0
NL,352,45,95,16,1,0,28,13,5,24,47,1,1,4,3,12
NL,321,24,75,15,0,1,21,0,0,27,50,6,1,4,1,12
AL,0,1,0,0,0,0,0,0,0,0,0,0,0,0,0,0
AL,28,2,4,1,0,1,4,0,0,0,16,0,1,0,0,0
NL,62,9,15,2,0,5,15,0,0,8,21,1,1,0,0,2
AL,101,8,26,5,0,3,10,0,0,14,40,2,0,0,0,4
AL,22,5,2,0,0,0,1,6,2,0,5,0,2,0,0,1
AL,0,0,0,0,0,0,0,0,0,0,0,0,0,0,0,0
NL,5,1,1,1,0,0,0,0,0,0,2,0,0,0,0,0
NL,0,0,0,0,0,0,0,0,0,0,0,0,0,0,0,0
AL,71,4,13,3,0,2,6,1,0,4,17,0,0,1,0,2
AL,5,0,2,0,0,0,0,0,0,0,3,0,0,0,0,0
NL,374,47,86,17,7,3,35,13,5,52,90,2,3,1,2,9
NL,9,1,2,0,0,0,1,0,0,1,4,0,0,3,0,0
AL,161,16,38,8,0,3,12,1,1,14,31,0,2,3,2,2
AL,28,3,6,0,0,1,2,0,0,2,7,0,0,0,0,0
NL,5,0,0,0,0,0,0,0,0,1,2,0,0,0,0,0
NL,93,7,25,7,0,3,14,0,0,10,15,3,1,0,1,1
NL,103,11,18,3,1,2,10,1,1,14,29,2,2,1,2,2
AL,22,2,5,2,0,0,3,0,0,1,4,0,0,1,0,0
AL,559,129,182,27,8,30,83,49,5,67,139,4,6,0,7,7
AL,544,66,146,19,3,32,95,4,5,36,153,3,4,0,2,12
NL,181,33,52,8,2,8,27,2,2,19,19,1,2,0,1,7
NL,14,0,0,0,0,0,0,0,0,0,8,0,0,2,0,0
NL,171,20,46,13,1,2,19,1,1,9,24,0,4,0,1,9
AL,0,0,0,0,0,0,0,0,0,0,0,0,0,0,0,0
NL,523,86,115,29,0,19,78,4,3,94,168,5,10,0,3,8
AL,573,79,141,29,3,28,78,31,6,45,169,0,1,4,8,13
NL,554,107,155,24,4,17,67,18,8,63,121,5,5,0,6,7
NL,162,15,31,9,0,2,17,0,1,13,37,0,2,1,1,6
NL,301,48,77,15,2,11,45,11,1,43,43,7,12,0,6,4
NL,265,26,58,20,0,4,28,0,2,36,55,1,0,0,2,6
NL,0,0,0,0,0,0,0,0,0,0,0,0,0,0,0,0
NL,191,28,46,9,1,8,26,10,3,10,44,0,2,3,0,2
NL,0,0,0,0,0,0,0,0,0,0,0,0,0,0,0,0
NL,0,0,0,0,0,0,0,0,0,0,0,0,0,0,0,0
NL,194,15,40,4,0,0,15,3,1,8,36,0,0,5,1,4
AL,126,13,25,6,1,2,17,0,1,3,32,0,0,0,3,5
AL,28,1,4,0,0,1,4,0,0,0,6,0,0,0,1,1
AL,0,0,0,0,0,0,0,0,0,0,0,0,0,0,0,0
NL,0,0,0,0,0,0,0,0,0,0,0,0,0,0,0,0
NL,54,4,9,2,0,2,7,1,0,2,14,0,0,1,0,2
AL,5,2,2,0,0,0,1,0,0,1,2,0,0,0,0,0
NL,0,0,0,0,0,0,0,0,0,0,0,0,0,0,0,0
NL,56,2,13,1,0,0,2,0,0,1,11,0,0,0,0,0
NL,417,62,110,26,8,9,45,24,6,41,94,2,5,5,2,2
NL,0,0,0,0,0,0,0,0,0,0,0,0,0,0,0,0
NL,0,0,0,0,0,0,0,0,0,0,0,0,0,0,0,0
AL,4,0,0,0,0,0,0,0,0,0,1,0,0,4,0,0
AL,505,64,129,18,1,25,78,0,2,28,120,0,6,0,4,18
NL,387,46,101,17,5,9,40,24,4,35,49,1,2,5,2,4
NL,208,26,51,12,2,2,15,15,2,18,31,0,4,4,1,1
AL,0,0,0,0,0,0,0,0,0,0,0,0,0,0,0,0
AL,2,1,1,0,0,0,0,0,0,0,0,0,0,0,0,0
NL,0,0,0,0,0,0,0,0,0,0,0,0,0,0,0,0
NL,1,0,0,0,0,0,0,0,0,0,1,0,0,0,0,0
NL,99,7,12,2,0,2,5,2,0,7,33,0,2,0,1,6
AL,153,13,36,5,1,0,7,3,2,7,17,0,0,1,2,5
NL,54,5,5,1,0,0,0,0,0,3,31,0,1,8,0,1
AL,25,0,0,0,0,0,0,0,0,2,2,0,0,0,0,0
NL,56,2,4,1,0,0,1,0,0,1,29,0,0,5,0,0
NL,28,0,5,0,0,0,0,0,0,0,10,0,0,6,0,0
NL,374,59,126,44,0,14,56,5,3,94,85,18,5,0,2,8
AL,0,0,0,0,0,0,0,0,0,0,0,0,0,0,0,0
NL,66,5,8,2,0,1,4,0,0,3,32,0,0,3,0,1
AL,0,0,0,0,0,0,0,0,0,0,0,0,0,0,0,0
NL,472,62,132,27,0,14,69,7,5,47,104,1,2,1,8,11
NL,229,24,58,10,1,9,24,0,0,18,73,1,6,0,1,2
NL,0,0,0,0,0,0,0,0,0,0,0,0,0,0,0,0
NL,6,1,1,1,0,0,0,0,0,1,3,0,0,0,0,0
NL,1,0,0,0,0,0,0,0,0,0,1,0,0,0,0,0
AL,2,1,1,0,0,0,0,0,0,1,1,0,0,0,0,0
NL,1,0,0,0,0,0,0,0,0,0,1,0,0,0,0,0
AL,444,54,98,15,8,2,20,16,5,50,70,0,5,9,3,5
NL,588,85,135,29,4,21,63,16,3,74,169,2,13,0,2,9
NL,5,1,0,0,0,0,0,0,0,0,1,0,0,1,0,0
AL,285,42,65,12,3,10,36,3,0,26,80,0,4,1,0,3
NL,12,1,1,0,0,0,0,0,0,0,5,0,1,1,0,0
NL,4,0,1,0,0,0,0,0,0,0,2,0,0,0,0,0
AL,243,36,56,9,0,11,29,3,1,16,35,0,1,0,2,5
NL,12,0,1,0,0,0,0,0,0,0,4,0,0,2,0,1
NL,300,42,90,21,3,5,31,8,2,42,57,2,1,0,1,3
NL,49,2,6,1,0,0,0,1,0,4,24,0,0,5,0,1
NL,109,11,26,6,1,1,10,1,0,9,22,0,0,0,1,4
NL,28,2,5,1,0,2,5,0,0,0,12,0,0,4,1,0
NL,11,3,1,1,0,0,2,0,0,1,4,0,1,0,1,0
NL,8,0,2,1,0,0,2,0,0,0,2,0,0,0,0,0
AL,526,67,131,27,1,23,83,3,0,60,112,4,4,0,3,17
NL,315,40,74,11,0,11,43,1,0,37,81,2,2,0,6,5
AL,0,0,0,0,0,0,0,0,0,0,0,0,0,0,0,0
AL,4,1,1,1,0,0,0,0,0,0,0,0,0,0,0,0
AL,519,85,135,30,1,35,110,3,2,76,141,4,14,0,6,15
AL,171,19,36,5,0,3,13,0,0,15,33,0,1,13,1,7
NL,0,0,0,0,0,0,0,0,0,0,0,0,0,0,0,0
AL,5,0,0,0,0,0,0,0,0,1,1,0,0,0,0,0
NL,71,4,12,1,1,0,4,0,0,2,12,1,0,3,1,1
NL,0,0,0,0,0,0,0,0,0,0,0,0,0,0,0,0
AL,61,11,16,3,1,3,8,7,0,2,12,0,0,0,0,1
AL,163,20,42,7,1,5,22,12,4,9,40,0,1,0,3,1
NL,40,3,6,0,0,0,4,0,1,0,11,0,0,5,1,2
NL,1,0,0,0,0,0,0,0,0,0,1,0,0,0,0,0
NL,53,5,10,3,0,1,4,0,0,0,20,0,0,2,0,1
NL,37,0,3,1,0,0,2,0,0,0,13,0,0,7,0,1
AL,74,9,16,3,0,0,3,0,0,13,23,0,0,2,1,1
NL,581,91,178,41,2,21,93,15,10,81,112,16,3,0,5,15
NL,2,0,0,0,0,0,0,0,0,0,1,0,0,0,0,0
NL,2,0,0,0,0,0,0,0,0,0,2,0,0,1,0,0
AL,146,25,34,7,1,4,14,0,0,14,39,0,4,0,1,4
AL,292,47,69,8,1,15,46,0,0,37,69,2,13,0,2,6
NL,31,0,4,2,0,0,2,0,0,1,11,0,0,4,0,0
NL,325,36,75,24,0,14,41,8,3,36,79,0,2,0,0,4
AL,574,54,153,27,1,18,74,0,2,20,112,1,7,0,7,20
NL,174,36,55,7,2,4,15,14,2,13,31,0,4,5,0,1
AL,10,2,1,1,0,0,1,0,0,0,9,0,1,0,0,0
AL,611,79,169,27,3,8,67,2,2,33,70,3,1,0,6,26
NL,0,0,0,0,0,0,0,0,0,0,0,0,0,0,0,0
NL,34,3,6,0,0,1,2,0,0,0,8,0,0,2,0,2
NL,4,1,1,0,0,0,0,0,0,0,2,0,0,0,0,0
NL,57,5,11,2,0,1,4,0,0,4,13,0,0,5,0,1
NL,578,93,163,36,1,25,95,5,2,57,116,8,2,0,4,20
NL,53,3,4,0,0,0,2,0,0,6,12,0,0,10,0,1
AL,560,88,151,39,7,20,74,14,9,97,103,7,3,2,6,13
NL,7,0,1,0,0,0,0,0,0,0,3,0,0,0,0,1
AL,24,1,5,3,0,0,5,0,0,2,5,0,0,0,1,1
NL,195,28,48,8,1,3,19,6,2,35,51,3,0,0,0,6
AL,70,5,18,2,1,1,15,0,0,2,13,0,1,0,1,1
AL,0,0,0,0,0,0,0,0,0,0,0,0,0,0,0,0
AL,0,0,0,0,0,0,0,0,0,0,0,0,0,0,0,0
AL,607,84,137,22,2,12,50,13,3,59,124,7,0,1,1,3
NL,0,0,0,0,0,0,0,0,0,0,0,0,0,0,0,0
NL,86,8,21,6,0,2,13,0,0,5,24,0,0,0,0,3
AL,0,0,0,0,0,0,0,0,0,0,0,0,0,0,0,0
AL,1,0,0,0,0,0,0,0,0,0,1,0,0,0,0,0
NL,1,0,0,0,0,0,0,0,0,0,0,0,0,0,0,0
NL,0,0,0,0,0,0,0,0,0,0,0,0,0,0,0,0
AL,0,0,0,0,0,0,0,0,0,0,0,0,0,0,0,0
NL,0,0,0,0,0,0,0,0,0,0,0,0,0,0,0,0
AL,7,0,0,0,0,0,0,0,0,0,5,0,0,0,0,0
AL,13,3,2,0,0,1,3,0,0,2,4,0,0,0,0,0
NL,549,47,150,39,0,9,62,3,0,62,101,9,3,1,4,14
NL,576,80,167,34,4,7,37,33,11,40,74,0,6,4,4,8
AL,1,0,0,0,0,0,0,0,0,0,1,0,0,0,0,0
NL,525,64,128,25,1,30,85,1,0,57,180,6,1,0,3,10
AL,0,1,0,0,0,0,0,0,0,0,0,0,0,0,0,0
NL,275,35,66,15,5,5,32,8,4,17,42,1,0,6,2,2
NL,0,0,0,0,0,0,0,0,0,0,0,0,0,0,0,0
NL,12,2,3,1,0,0,0,1,0,1,6,0,1,0,0,0
AL,8,1,1,0,0,0,0,0,0,0,3,0,0,0,0,0
AL,384,41,81,13,1,7,28,5,5,37,100,0,2,7,1,13
AL,629,85,180,31,9,3,62,21,10,57,96,0,5,17,3,15
NL,158,15,36,10,2,5,15,1,3,12,59,3,0,1,0,3
NL,520,81,150,37,4,10,50,30,8,43,55,1,13,7,5,6
AL,3,1,0,0,0,0,0,0,1,0,1,0,0,0,0,0
AL,347,45,81,16,0,18,56,1,0,18,108,1,3,1,3,4
NL,319,30,86,13,5,5,34,5,1,13,44,4,5,2,5,12
NL,0,0,0,0,0,0,0,0,0,0,0,0,0,0,0,0
AL,3,0,0,0,0,0,0,0,0,1,2,0,0,0,0,0
NL,63,4,9,1,0,1,3,0,0,1,28,0,0,6,1,1
AL,0,0,0,0,0,0,0,0,0,0,0,0,0,0,0,0
NL,0,0,0,0,0,0,0,0,0,0,0,0,0,0,0,0
AL,94,14,21,6,1,1,6,6,3,11,23,0,0,2,0,2
AL,367,42,89,21,2,9,48,2,0,61,104,2,2,2,2,12
NL,3,0,1,0,0,0,0,0,0,0,0,0,0,0,0,0
AL,512,57,128,28,0,13,60,14,6,23,77,0,2,3,6,6
NL,1,0,0,0,0,0,0,0,0,0,1,0,0,0,0,0
AL,0,0,0,0,0,0,0,0,0,0,0,0,0,0,0,0
AL,517,67,150,31,5,8,45,20,4,22,61,1,5,7,2,11
AL,1,0,0,0,0,0,0,0,0,0,1,0,0,0,0,0
NL,70,1,8,1,0,0,5,0,0,1,29,0,0,5,0,3
NL,134,16,36,10,1,4,20,4,1,8,28,0,0,0,2,4
AL,35,1,7,2,0,0,4,0,0,2,10,0,0,0,0,3
NL,19,1,2,0,0,0,1,0,0,1,10,1,0,0,0,0
NL,193,17,46,8,0,0,14,2,1,20,41,2,0,1,0,4
AL,1,0,0,0,0,0,0,0,0,0,1,0,0,0,0,0
NL,321,29,66,11,0,11,31,0,0,29,69,5,7,0,4,4
AL,2,0,0,0,0,0,0,0,0,0,1,0,0,0,0,0
NL,455,34,104,16,1,8,45,0,2,20,106,3,8,8,2,9
NL,98,8,20,3,0,1,7,1,1,5,29,0,1,1,0,1
NL,548,73,139,26,4,7,44,6,1,33,58,1,3,3,1,11
AL,0,0,0,0,0,0,0,0,0,0,0,0,0,0,0,0
NL,83,8,11,5,0,0,4,0,0,12,27,0,0,2,1,6
AL,113,8,23,7,0,1,6,1,0,22,32,0,1,0,0,1
NL,31,3,4,0,1,0,5,1,0,0,13,0,0,0,0,0
NL,0,0,0,0,0,0,0,0,0,0,0,0,0,0,0,0
NL,6,0,0,0,0,0,0,0,0,0,4,0,0,1,0,0
NL,0,0,0,0,0,0,0,0,0,0,0,0,0,0,0,0
NL,4,0,0,0,0,0,0,0,0,0,1,0,0,1,0,0
AL,332,64,80,14,0,27,65,5,2,59,63,2,4,0,4,11
NL,179,26,47,14,2,3,17,5,3,25,45,4,5,0,2,0
NL,194,21,32,2,0,8,20,5,1,19,58,0,0,0,2,3
NL,27,3,5,1,0,0,4,0,0,2,17,0,0,2,0,0
NL,0,0,0,0,0,0,0,0,0,0,0,0,0,0,0,0
AL,2,0,0,0,0,0,0,0,0,0,1,0,0,1,0,0
AL,0,0,0,0,0,0,0,0,0,0,0,0,0,0,0,0
AL,5,0,1,0,0,0,0,0,0,0,3,0,0,0,0,0
NL,16,0,0,0,0,0,0,0,0,0,9,0,0,1,0,0
AL,525,62,123,24,0,16,60,5,4,40,89,0,7,8,2,10
NL,37,2,4,1,0,0,0,0,0,1,14,0,0,6,0,0
NL,3,0,0,0,0,0,0,0,0,0,1,0,0,0,0,0
NL,0,0,0,0,0,0,0,0,0,0,0,0,0,0,0,0
NL,0,0,0,0,0,0,0,0,0,0,0,0,0,0,0,0
NL,0,0,0,0,0,0,0,0,0,0,0,0,0,0,0,0
NL,52,3,9,2,0,1,4,0,0,4,14,1,0,0,0,3
AL,1,0,0,0,0,0,0,0,0,0,0,0,0,0,0,0
NL,411,47,113,27,6,7,56,12,2,54,106,5,3,0,4,2
AL,604,95,194,33,2,36,102,1,0,36,82,8,5,0,9,8
NL,547,83,147,26,1,32,97,13,6,65,124,15,2,1,4,9
AL,0,0,0,0,0,0,0,0,0,0,0,0,0,0,0,0
NL,1,0,0,0,0,0,0,0,0,0,0,0,0,1,0,0
NL,5,0,0,0,0,0,0,0,0,0,1,0,0,0,0,0
NL,81,12,21,7,1,2,7,2,0,14,19,3,2,0,0,3
NL,227,25,66,11,0,5,25,15,3,28,53,3,2,3,1,2
AL,291,44,75,10,6,2,29,21,0,25,80,0,7,6,1,4
NL,0,0,0,0,0,0,0,0,0,0,0,0,0,0,0,0
AL,215,21,49,14,1,7,36,0,1,9,25,0,0,1,3,10
AL,341,41,89,19,0,12,40,0,1,31,103,0,1,0,3,8
NL,69,8,13,2,0,3,9,0,0,4,13,0,0,2,1,1
NL,42,1,8,1,0,0,2,0,0,0,18,0,0,5,1,0
NL,88,11,17,6,0,2,7,3,0,7,36,0,0,1,0,0
NL,113,15,32,8,0,2,9,1,2,4,17,0,3,1,0,4
AL,2,0,0,0,0,0,0,0,0,0,1,0,0,0,0,0
NL,0,0,0,0,0,0,0,0,0,0,0,0,0,0,0,0
AL,2,0,0,0,0,0,0,0,0,0,2,0,0,0,0,0
NL,393,56,96,14,5,5,34,26,6,51,104,2,2,5,2,0
NL,64,6,12,3,0,1,7,1,0,3,18,0,0,0,0,1
NL,5,0,1,0,0,0,0,0,0,1,2,0,0,0,0,0
NL,39,0,3,0,0,0,1,0,0,3,20,0,1,2,0,0
NL,16,0,1,0,0,0,0,0,0,0,6,0,0,5,0,0
AL,0,0,0,0,0,0,0,0,0,0,0,0,0,0,0,0
NL,324,47,98,21,5,0,23,7,10,12,55,0,0,0,2,5
NL,28,1,4,0,0,0,1,0,0,2,7,0,0,0,1,0
AL,470,52,113,22,2,12,54,6,3,26,104,1,5,0,2,11
NL,0,0,0,0,0,0,0,0,0,0,0,0,0,0,0,0
NL,355,39,72,9,2,7,28,15,4,41,96,1,7,0,1,6
NL,244,30,63,3,4,1,11,30,3,25,52,1,1,4,0,3
NL,10,0,2,0,0,0,2,0,0,0,1,0,0,0,0,0
AL,62,10,16,2,1,0,5,5,4,4,4,0,0,0,0,1
AL,168,27,37,7,0,3,19,3,1,15,44,0,3,6,3,2
NL,624,96,171,26,10,9,57,42,13,70,155,1,3,2,4,2
NL,2,0,0,0,0,0,0,0,0,0,2,0,0,0,0,0
NL,1,0,0,0,0,0,0,0,0,0,1,0,0,1,0,0
NL,0,0,0,0,0,0,0,0,0,0,0,0,0,0,0,0
AL,552,63,159,37,4,6,60,12,9,53,56,12,0,0,4,7
NL,100,14,29,8,0,3,8,1,1,13,16,2,0,0,0,1
NL,598,108,191,36,3,41,112,30,7,63,128,15,11,0,5,12
NL,0,0,0,0,0,0,0,0,0,0,0,0,0,0,0,0
NL,3,0,0,0,0,0,0,0,0,0,2,0,0,0,0,0
AL,21,1,2,0,0,0,1,0,0,1,5,0,0,0,0,0
NL,2,0,0,0,0,0,0,0,0,0,2,0,0,1,0,0
NL,112,14,26,7,0,5,11,2,2,12,34,0,0,0,2,3
NL,1,0,0,0,0,0,0,0,0,0,0,0,0,0,0,0
NL,25,4,5,2,0,1,3,0,0,1,9,0,0,1,0,0
NL,187,21,44,11,2,5,26,0,0,21,34,2,2,0,2,6
AL,0,0,0,0,0,0,0,0,0,0,0,0,0,0,0,0
NL,0,0,0,0,0,0,0,0,0,0,0,0,0,0,0,0
NL,560,89,141,35,5,34,99,9,3,62,155,11,4,0,7,5
NL,0,0,0,0,0,0,0,0,0,0,0,0,0,0,0,0
AL,2,0,0,0,0,0,0,0,0,0,1,0,0,1,0,0
NL,343,29,66,15,1,12,41,0,0,49,103,5,3,1,2,8
NL,74,7,16,5,1,0,6,0,0,6,18,0,1,0,0,2
NL,67,2,3,1,0,0,1,0,0,0,29,0,0,4,0,1
NL,68,4,11,1,0,2,6,0,0,1,25,0,0,6,0,0
NL,63,1,4,0,0,0,2,0,0,3,36,0,0,5,0,1
AL,0,0,0,0,0,0,0,0,0,0,0,0,0,0,0,0
NL,0,0,0,0,0,0,0,0,0,1,0,0,0,0,0,0
NL,1,0,0,0,0,0,0,0,0,0,1,0,0,0,0,0
NL,136,15,29,1,0,0,7,5,3,10,25,1,1,2,1,6
AL,17,0,2,1,0,0,1,0,0,1,3,0,0,0,0,1
AL,0,0,0,0,0,0,0,0,0,0,0,0,0,0,0,0
AL,111,7,22,6,0,1,5,0,0,9,26,0,2,0,0,3
AL,614,72,192,32,1,29,107,2,1,54,111,9,7,0,4,20
NL,0,0,0,0,0,0,0,0,0,0,0,0,0,0,0,0
NL,43,1,3,0,0,0,2,0,1,3,10,1,1,0,0,2
AL,100,9,27,2,0,1,7,0,2,2,21,0,1,1,2,1
NL,0,0,0,0,0,0,0,0,0,0,0,0,0,0,0,0
AL,555,70,150,35,1,16,68,9,4,52,99,3,6,1,2,18
NL,1,0,0,0,0,0,0,0,0,0,1,0,0,0,0,0
NL,398,49,98,19,3,2,24,44,4,43,110,2,3,5,0,3
NL,459,84,159,25,10,11,60,13,5,36,63,4,0,1,5,8
AL,622,109,205,40,0,44,139,4,1,66,98,17,3,0,6,28
NL,67,2,8,0,0,0,4,0,0,1,24,0,0,5,0,1
AL,222,27,59,9,2,7,31,10,0,15,56,0,3,0,4,4
NL,74,6,13,2,0,1,6,0,0,2,33,0,0,8,0,0
NL,150,9,28,7,2,1,13,4,0,4,20,0,1,0,1,4
AL,23,2,4,1,0,0,1,1,0,2,6,1,0,0,0,0
AL,457,55,115,20,0,10,53,4,3,56,59,1,0,3,4,6
NL,174,26,46,6,0,0,5,30,3,11,43,0,0,7,0,0
NL,0,0,0,0,0,0,0,0,0,0,0,0,0,0,0,0
AL,627,105,196,48,1,33,94,3,2,61,96,10,7,0,2,22
AL,93,9,25,3,0,3,11,0,0,4,22,1,0,0,0,0
AL,0,0,0,0,0,0,0,0,0,0,0,0,0,0,0,0
NL,54,3,5,2,0,0,3,0,0,1,27,0,0,13,1,0
NL,60,5,11,6,0,0,2,0,0,7,13,1,0,0,0,0